id,name,host_id,host_name,neighbourhood_group,neighbourhood,latitude,longitude,room_type,price,minimum_nights,number_of_reviews,last_review,reviews_per_month,calculated_host_listings_count,availability_365,number_of_reviews_ltm,license
187870,Luxury studio 'Spiegelhof' in the centre of Ghent,904277,Tamara,,Watersportbaan - Ekkergem,51.05168,3.70283,Private room,80,2,426,2021-10-01,3.41,1,273,21,
203806,Flat close to Sint-Pieters Station!,999847,Lies,,Watersportbaan - Ekkergem,51.04428,3.71395,Entire home/apt,89,2,291,2021-12-04,2.35,1,26,6,
204245,Modern studio's in Ghent centre,1003009,Nele,,Binnenstad,51.05842,3.72721,Entire home/apt,93,1,33,2021-11-02,0.28,2,29,4,
216715,converted loft,911466,James,,Binnenstad,51.05756,3.7318,Entire home/apt,70,2,492,2021-12-05,3.97,1,336,26,
252269,Large & bright town House - Center Ghent - max 8p,1195314,Anne-Sophie,,Elisabethbegijnhof - Papegaai,51.05216,3.71993,Entire home/apt,238,2,174,2021-12-20,1.47,1,338,25,
440798,"Big and bright, design savvy with great views!",2188943,Conrad,,Rabot  - Blaisantvest,51.06443,3.7048,Entire home/apt,86,3,56,2021-07-30,0.48,1,356,3,
476371,Private room in a 19th century house near station.,996824,Annabell,,Macharius - Heirnis,51.04857,3.74224,Private room,40,1,24,2018-09-16,0.21,2,359,0,
565472,Large house for short term rental,879188,Dorothee,,Elisabethbegijnhof - Papegaai,51.05536,3.70955,Entire home/apt,90,75,0,,,2,0,0,
599325,Ghent! Need I say more?,2964980,Sas,,Ledeberg,51.03454,3.74631,Private room,31,2,117,2021-12-17,1.02,1,179,5,
696209,Black & White studioB central Ghent,1328011,Jan,,Elisabethbegijnhof - Papegaai,51.05021,3.71624,Entire home/apt,85,60,33,2021-09-02,0.30,4,236,1,
743981,Black & White studioA central Ghent,1328011,Jan,,Elisabethbegijnhof - Papegaai,51.05021,3.71624,Entire home/apt,78,28,20,2020-12-17,0.19,4,236,0,
782514,Garden studio,3644609,Bob,,Sint Amandsberg,51.06837,3.77456,Entire home/apt,120,3,50,2021-11-20,0.55,1,363,1,
835795,Koestraat 46,4369972,Koestraat 46,,Binnenstad,51.05277,3.72902,Entire home/apt,99,2,370,2021-12-22,3.46,1,330,73,
879417,2-bedroom furnished apartment-Ghent,1003009,Nele,,Binnenstad,51.0578,3.72622,Entire home/apt,155,2,10,2021-08-02,0.10,2,28,1,
887716,Duplex studio F central Ghent,1328011,Jan,,Elisabethbegijnhof - Papegaai,51.05021,3.71624,Entire home/apt,67,60,7,2020-03-22,0.14,4,204,0,
924683,Perfect apartment centre of Ghent,4974034,Carmen,,Elisabethbegijnhof - Papegaai,51.05353,3.71675,Entire home/apt,59,3,350,2021-11-26,3.26,2,226,12,
950284,"Studiomie One Room Hotel, a wonderful place!",5155260,Mieke,,Sluizeken - Tolhuis - Ham,51.06266,3.73218,Private room,135,2,5,2014-11-11,0.05,1,0,0,
1018048,"Large airy studio, central location",5600970,Johan,,Sluizeken - Tolhuis - Ham,51.0591,3.7193,Entire home/apt,42,1,695,2021-12-21,7.38,1,243,79,
1121033,'Knighty night' at Prinsenhof,6150298,Sarah,,Elisabethbegijnhof - Papegaai,51.05661,3.71914,Private room,90,2,81,2021-11-25,0.77,1,356,7,
1135017,RAAMHOF  top location / spacious / comfy beds,6226459,Simon,,Elisabethbegijnhof - Papegaai,51.05683,3.71639,Entire home/apt,509,2,224,2021-12-07,2.16,2,354,6,
1141163,Stylish and comfortable apartment downtown Ghent,5082339,Joost,,Binnenstad,51.04531,3.73526,Entire home/apt,154,2,137,2021-12-10,1.31,1,354,8,
1159353,Big & cosy riverside apartment,1774984,Melanie,,Stationsbuurt Noord,51.03702,3.73016,Entire home/apt,74,4,389,2020-01-31,3.79,1,1,0,
1222069,B&B Marie Reine in old Monastry,5456443,Ruth,,Watersportbaan - Ekkergem,51.05194,3.70333,Private room,70,2,353,2021-11-23,3.40,2,224,7,
1271802,"cozy bedroom, private bathroom",6922134,Tasja,,Nieuw Gent - UZ,51.03137,3.72882,Private room,48,3,42,2021-10-18,0.41,2,277,1,
1339383,"Heaven@11, your charming studio in historic Gent.",7258638,Ina Karina & Patrick,,Binnenstad,51.05824,3.72243,Entire home/apt,98,2,31,2020-07-19,0.31,3,17,0,
1368957,Private room near Gent city center,6747265,Arnoud,,Oud Gentbrugge,51.04206,3.74747,Private room,46,1,274,2021-12-12,3.50,1,85,13,
1378568,Beautiful Park View,7467550,Anne-Marie,,Sint Amandsberg,51.07289,3.75223,Private room,95,2,108,2021-11-14,1.05,1,364,3,
1418588,"Modern house w pool,near Ghent,2-8p",7640576,Stijn,,Sint Denijs Westrem,51.02235,3.66854,Entire home/apt,220,4,53,2021-08-15,0.54,1,51,2,
1425838,Cosy room in green area,6976593,Hilde,,Mariakerke,51.07391,3.69128,Private room,50,2,11,2021-12-19,0.11,2,363,4,
1482891,"Private floor with bedroom, bathroom and living",2091743,Paul,,Dampoort,51.04821,3.75034,Private room,42,2,88,2021-12-11,1.37,1,355,6,
1505180,Tasteful & bright app near the city.,8041545,Dave,,Sint Amandsberg,51.0665,3.7523,Entire home/apt,100,2,11,2019-04-08,0.26,1,82,0,
1607894,Spacious duplex (shower + kitchen),6922134,Tasja,,Stationsbuurt Noord,51.03189,3.72787,Private room,54,3,28,2020-07-31,0.28,2,272,0,
1616843,Beautiful large apartment facing the Leie,8604293,Maaike,,Elisabethbegijnhof - Papegaai,51.04787,3.71958,Entire home/apt,100,14,17,2018-01-31,0.17,2,50,0,
1627743,band resort 0.1,8651909,Gerald,,Binnenstad,51.05661,3.72775,Entire home/apt,194,5,191,2021-10-31,1.90,3,187,2,
1638170,Spacious studio in center of Ghent,879188,Dorothee,,Elisabethbegijnhof - Papegaai,51.05545,3.70902,Entire home/apt,55,3,229,2021-11-27,2.27,2,166,3,
1710185,Design house with garden and private free garage,9022623,Bart & Daisy,,Ledeberg,51.03455,3.74213,Entire home/apt,132,3,36,2019-09-23,0.36,1,59,0,
1720808,unique loftspace with garden,9071229,Mieke,,Sluizeken - Tolhuis - Ham,51.05873,3.73785,Entire home/apt,141,4,17,2019-08-10,0.17,1,124,0,
1723685,warm and cosy 2 bedroom appartment central Gent,9072131,Mieke,,Elisabethbegijnhof - Papegaai,51.05533,3.71361,Entire home/apt,65,3,269,2021-12-20,2.70,1,113,7,
1754719,Band Resort 1.1. - Rent Appartment,9228510,Vincent,,Binnenstad,51.05478,3.72724,Entire home/apt,400,2,182,2021-12-19,1.84,1,353,20,
1790941,CLEAR AND LIGHTFULL APARTMENT CENTRE OF GHENT,4974034,Carmen,,Elisabethbegijnhof - Papegaai,51.05353,3.71675,Entire home/apt,62,3,176,2021-12-12,1.81,2,132,6,
1858310,"Sunny duplex, small and all-in loft studio",9696770,Tomas,,Stationsbuurt Noord,51.04114,3.71358,Entire home/apt,52,1,499,2021-11-28,5.04,1,331,45,
1894366,Spacious Apartment in centre Ghent,9844612,Sofia,,Binnenstad,51.05534,3.72888,Entire home/apt,77,2,273,2020-09-19,2.91,1,0,0,
1981738,Small loft + private bathroom,10225820,Peter,,Oud Gentbrugge,51.04052,3.74554,Entire home/apt,55,2,258,2021-12-12,2.66,1,355,20,
2031176,Modern flat 2 bedr close to  center,10429259,Christel,,Elisabethbegijnhof - Papegaai,51.05393,3.71171,Entire home/apt,146,3,60,2021-07-26,0.66,7,56,1,
2031654,Duplex Studio near historical center Ghent,10429259,Christel,,Elisabethbegijnhof - Papegaai,51.05393,3.71171,Entire home/apt,115,3,40,2021-11-22,0.44,7,149,1,
2043584,Lounge in the Intimate Urban Garden at a Retro Getaway,10479270,Nina,,Elisabethbegijnhof - Papegaai,51.05872,3.7138,Entire home/apt,90,2,465,2021-12-19,4.81,1,168,36,
2048007,"Modern flat - 2 bed, 2 bath",10429259,Christel,,Elisabethbegijnhof - Papegaai,51.05393,3.71171,Entire home/apt,145,3,47,2021-08-28,0.49,7,134,2,
2048223,Cute House at 7km from Ghent center,10429259,Christel,,Drongen,51.03791,3.63117,Entire home/apt,145,3,42,2021-12-08,0.48,7,134,2,
2082353,"Cosy, sunny and spacious house with city garden",9075008,Wouter,,Ledeberg,51.03921,3.74119,Entire home/apt,187,2,132,2021-11-21,1.36,1,353,10,
2138676,Appartement Centrum aan Water “roomS with a view”,10913980,Ronny,,Macharius - Heirnis,51.04364,3.74016,Entire home/apt,97,2,91,2021-09-03,0.94,1,273,3,
2216415,A bright apartment in Ghent (50m²),11304146,Kristof,,Macharius - Heirnis,51.05421,3.73572,Entire home/apt,49,40,63,2021-02-20,0.65,3,316,2,
2398101,Ingericht appartement aan de rand van de stad,5298594,Isabelle,,Ledeberg,51.03439,3.73389,Entire home/apt,120,3,10,2021-07-18,0.29,1,329,1,
2495356,Entrée d'Artistes@Historical Ghent-Centre,12772331,Ann,,Sluizeken - Tolhuis - Ham,51.0609,3.72541,Private room,51,1,358,2021-12-12,3.81,1,82,17,
2525482,Located 3 km from center . ( room ),12931085,Koen,,Bloemekenswijk,51.07462,3.70748,Private room,250,1,0,,,1,365,0,
2737715,Marcel de Gand Business & Travel Flats II,10867946,Sandra,,Mariakerke,51.06769,3.68042,Private room,120,2,0,,,2,146,0,
2737739,Marcel de Gand Business & Travel Flats I,10867946,Sandra,,Mariakerke,51.06858,3.681,Private room,120,2,1,2019-07-06,0.03,2,154,0,
2753095,Studio 1 - Modern on first floor,10429259,Christel,,Elisabethbegijnhof - Papegaai,51.05884,3.71375,Entire home/apt,99,3,17,2021-08-23,0.19,7,325,2,
3120783,Villa-Emma - 3000m2 tuin:Tilia,15853573,Georges,,Sint Amandsberg,51.07352,3.75701,Private room,130,1,8,2018-11-02,0.09,2,312,0,
3124062,Villa-Emma - 3000m2 tuin:Acacia,15853573,Georges,,Sint Amandsberg,51.07476,3.75701,Private room,145,1,6,2021-07-04,0.07,2,309,1,
3331706,Studio 2 - new in center of Ghent,10429259,Christel,,Elisabethbegijnhof - Papegaai,51.05886,3.71374,Entire home/apt,99,3,18,2021-08-11,0.20,7,78,1,
3373603,Studio 3 - new in center of Ghent,10429259,Christel,,Elisabethbegijnhof - Papegaai,51.06004,3.71355,Entire home/apt,93,3,4,2021-08-15,0.05,7,4,2,
3406443,spacious loft/apartment up to 5  people,17180388,Gerda,,Sluizeken - Tolhuis - Ham,51.06337,3.72906,Entire home/apt,175,10,89,2019-01-02,0.98,6,113,0,
3416308,Double room/studio with terrace,17180388,Gerda,,Sluizeken - Tolhuis - Ham,51.06467,3.72911,Private room,75,7,17,2019-08-13,0.19,6,114,0,
3449406,furnished 3 bedroom apartment on the second floor,17180388,Gerda,,Sluizeken - Tolhuis - Ham,51.06331,3.72953,Entire home/apt,150,4,30,2019-08-31,0.33,6,0,0,
3519738,SINT-IVO  Deluxe Appartement,17549371,Barbara,,Elisabethbegijnhof - Papegaai,51.05729,3.71852,Entire home/apt,139,3,124,2020-02-17,1.42,1,194,0,
3611653,Duplex in historical Ghent /parking,18198634,Isabelle,,Binnenstad,51.05217,3.72546,Entire home/apt,178,2,296,2021-11-07,3.28,1,298,18,
3771542,Welcome to Ghent!,14010952,Filip,,Watersportbaan - Ekkergem,51.05479,3.70792,Private room,60,1,43,2017-06-10,0.49,1,84,0,
3798332,"Design loft, super view + parking!",8471665,Glynis,,Watersportbaan - Ekkergem,51.04658,3.7205,Entire home/apt,88,2,293,2021-11-14,3.28,1,272,41,
3803585,Beautiful and comfortable bedroom,19543730,Vera,,Binnenstad,51.04973,3.73526,Private room,65,2,114,2021-08-15,1.28,1,108,1,
3831324,Home Trietje 1 **,19054548,Ly,,Mariakerke,51.07219,3.68789,Entire home/apt,209,7,29,2020-03-13,0.35,2,1,0,
3932670,"Cosy room in medieval house, centre",3545702,Trui,,Sluizeken - Tolhuis - Ham,51.06027,3.72539,Private room,28,3,206,2021-12-06,2.92,1,52,5,
3944527,Beautiful duplex with large terrace,20440272,An & Jacky,,Stationsbuurt Zuid,51.02532,3.70895,Entire home/apt,119,7,12,2018-11-11,0.15,1,0,0,
3951890,Apartment: 20% off (scaffold in front of terras),17773318,Philip En Fabi,,Ledeberg,51.03622,3.73606,Entire home/apt,70,30,191,2021-12-20,2.15,1,251,6,
4042376,"Ruime, lichte stadswoning in Gent",20476306,Tammy,,Sint Amandsberg,51.05904,3.74713,Entire home/apt,100,3,35,2021-08-10,0.40,1,239,3,
4104274,"Room in nice appt 15min walk to centre, free bikes",21290432,Sofie,,Binnenstad,51.03752,3.73251,Private room,55,2,113,2021-11-27,1.28,1,140,9,
4116739,Room in Central and Spacious Apartment,21358179,Bart,,Watersportbaan - Ekkergem,51.04406,3.7122,Private room,32,7,10,2021-11-03,0.11,3,85,1,
4275275,"'The Crown' App 2p, free CoffeeHouse Breakfast",22195789,Thomas,,Elisabethbegijnhof - Papegaai,51.05387,3.71612,Entire home/apt,80,1,308,2021-12-05,3.54,4,288,55,
4330284,Séjour de charme au coeur de Gand.,8203256,Annik & Kristof,,Binnenstad,51.05448,3.72842,Private room,150,1,32,2021-12-20,0.42,2,336,7,
4368485,Stay in Central and Young Apartment,21358179,Bart,,Watersportbaan - Ekkergem,51.04539,3.71355,Entire home/apt,64,7,3,2015-02-01,0.04,3,108,0,
4477376,comfortable apartment / 2 bedrooms,17180388,Gerda,,Sluizeken - Tolhuis - Ham,51.06426,3.73105,Entire home/apt,80,5,3,2019-07-31,0.07,6,0,0,
4498791,Spacious Apartment with terrace. Perfect location,23333629,Mia,,Binnenstad,51.04403,3.72171,Entire home/apt,74,30,93,2020-07-26,1.07,2,235,0,
4550799,Artist habitat in the center (6pax),23595340,Gaby,,Binnenstad,51.05643,3.72107,Private room,100,2,60,2021-12-19,0.71,2,339,3,
4591763,Romantic boat in Gent,23801608,Hans,,Oud Gentbrugge,51.04363,3.74312,Entire home/apt,80,1,373,2021-12-09,4.32,1,157,90,
4595143,Mayflower Studio,23819348,Carine,,Gentbrugge,51.04433,3.76241,Private room,95,7,9,2020-12-20,0.11,1,341,0,
4645775,"★Charming & Historic villa, garden & free parking★",5438353,Sofie,,Stationsbuurt Noord,51.03903,3.71318,Entire home/apt,130,2,225,2021-12-19,3.04,1,304,41,
4696196,Artist habitat in the center (2pax),23595340,Gaby,,Binnenstad,51.05679,3.7233,Private room,105,2,39,2021-11-14,0.46,2,329,5,
4861996,Quiet neighbourhood close to the city center.,25009089,Siel,,Oud Gentbrugge,51.0442,3.74658,Entire home/apt,92,2,43,2021-12-19,1.83,1,355,22,
4975295,RAAMHOF Luxurious Family Duplex,6226459,Simon,,Elisabethbegijnhof - Papegaai,51.0552,3.71664,Entire home/apt,107,2,132,2021-12-06,1.58,2,343,6,
5224982,Water side stay in art deco cabin,13829824,Francis,,Wondelgem,51.0752,3.72692,Entire home/apt,125,2,181,2021-11-28,2.17,6,348,24,
5273113,Your home for a stay of minimum 5 nights.,27297880,Kristiaan,,Stationsbuurt Noord,51.03323,3.72638,Private room,61,5,9,2021-12-12,0.23,1,105,3,
5303608,La cabane,18097910,Gino,,Dampoort,51.059704,3.74287,Entire home/apt,75,1,716,2021-12-23,8.61,1,347,100,
5321887,"Bright, spacious room with priv bathroom + terrace",2508856,Tibbe,,Stationsbuurt Noord,51.04214,3.70473,Private room,42,1,76,2021-08-29,1.19,2,0,10,
5360086,B&B Au contraire,27785737,Griet,,Stationsbuurt Noord,51.03344,3.72238,Private room,70,1,91,2020-03-15,1.09,2,361,0,
5498400,"Entre dos aguas, next to a citypark",310389,Dirk,,Macharius - Heirnis,51.04415,3.74018,Entire home/apt,118,2,83,2021-12-12,1.01,1,268,6,
5590250,"Modern, Luxurious, Quiet",28983914,Birger,,Stationsbuurt Zuid,51.02975,3.70935,Private room,34,3,80,2021-04-12,1.00,1,287,3,
5694820,Baudelo's duplex apartment (air conditioning),29523955,Anne-Marie,,Binnenstad,51.0583,3.72895,Entire home/apt,220,2,338,2021-09-26,4.11,1,172,1,
5808759,Nice room in an old brickyard,30138838,Chantal,,Brugse Poort - Rooigem,51.06147,3.70259,Private room,96,1,11,2021-11-14,0.14,1,149,3,
5908287,Designer Loft,29314978,Martine,,Brugse Poort - Rooigem,51.05447,3.69901,Entire home/apt,148,2,171,2021-12-20,2.19,1,170,23,
6047932,"Eigentijds, modern met veel charme",31386948,Christine,,Binnenstad,51.05603,3.72986,Entire home/apt,93,3,8,2018-11-02,0.14,1,0,0,
6054825,Bright apt. with free parking and free bicycles,757037,Wim,,Mariakerke,51.07149,3.69344,Entire home/apt,68,2,258,2021-12-12,3.18,1,233,18,
6212644,Nieuwe woning in historisch centrum,32214647,Gino,,Elisabethbegijnhof - Papegaai,51.05851,3.71744,Private room,350,2,55,2021-12-12,0.71,1,138,6,
6279703,"Boutique B&B with free bikes, wifi, coffee or tea.",9627775,Maison MIELOU,,Sint Amandsberg,51.06104,3.74841,Private room,125,2,12,2016-10-23,0.15,4,346,0,
6290026,"COSY APARTMENT, free bikes, wifi, coffee/tea",9627775,Maison MIELOU,,Sint Amandsberg,51.06053,3.7474,Entire home/apt,115,5,14,2020-01-04,0.17,4,53,0,
6441548,FoudeGand.be - For Expats & Business Travellers,33631603,Peter,,Binnenstad,51.04567,3.73233,Entire home/apt,100,30,70,2021-09-02,0.96,1,353,3,
6517280,Vintage appartement/penthouse!,4817718,Stijn,,Watersportbaan - Ekkergem,51.05006,3.71056,Entire home/apt,69,2,47,2021-10-17,1.18,1,113,9,
6695016,Luxury Duplex in Historic Centre,34821696,Oliver,,Binnenstad,51.05749,3.72677,Entire home/apt,132,1,432,2021-11-29,5.48,1,35,32,
6722473,Quiet 'antique room' near station!,26787873,Greet,,Stationsbuurt Zuid,51.03261,3.71081,Private room,47,3,423,2021-08-22,5.33,1,176,2,
6807238,Uniek huisje in tuin centrum Gent,5050531,Bart,,Sluizeken - Tolhuis - Ham,51.06078,3.72914,Entire home/apt,80,2,39,2021-11-22,0.49,1,356,12,
6810537,For lovers of green and vintage :-),35652922,Thomas,,Ledeberg,51.03308,3.74379,Entire home/apt,65,5,29,2020-01-03,0.37,1,236,0,
6845309,Bed and Breakfast Mentari - Teratai,35857974,Pieter En Kartini,,Wondelgem,51.08519,3.69991,Private room,80,2,3,2019-01-02,0.04,2,180,0,
6883371,Bed and Breakfast Mentari - Melati,35857974,Pieter En Kartini,,Wondelgem,51.08343,3.69947,Private room,85,2,3,2021-08-24,0.04,2,181,1,
6918908,Private and peaceful studio,10349286,Emilia,,Zwijnaarde,50.99913,3.71605,Entire home/apt,36,3,37,2021-12-11,0.47,1,237,3,
6951050,Bright & Cosy City Centre apartment Ghent,15300260,"Aron, Dave & Myriam",,Rabot  - Blaisantvest,51.06098,3.71502,Entire home/apt,75,30,100,2021-06-30,1.32,3,323,4,
7378878,Family house in Ghent city center,138572,Tom,,Binnenstad,51.04386,3.72971,Entire home/apt,200,5,9,2020-01-02,0.22,1,51,0,
7556348,RENOVATED DUPLEX IN THE CENTRE,3362271,Céline,,Sluizeken - Tolhuis - Ham,51.06449,3.72623,Private room,57,2,160,2021-12-19,2.07,1,355,22,
7568806,Citycentre design app+garage+breakf,39681783,Ben/Barbara,,Binnenstad,51.05809,3.72714,Entire home/apt,105,1,498,2021-12-03,6.40,1,341,37,
7683600,Studio Guarda La Fotografia - Ghent,40352209,Filip,,Binnenstad,51.05123,3.7253,Entire home/apt,82,1,334,2021-12-20,4.44,2,338,78,
7705950,Nice & comfy room near Ghent city,28618260,Marijke,,Oud Gentbrugge,51.04505,3.74735,Private room,50,1,6,2021-08-22,0.25,1,0,3,
7906845,"Complete renovated house, spacious!",7679698,Wim,,Brugse Poort - Rooigem,51.06161,3.69804,Entire home/apt,130,4,75,2021-11-01,0.97,2,335,2,
7906941,"Volledig huis,alle comfort,privacy!",7679698,Wim,,Brugse Poort - Rooigem,51.06162,3.69804,Entire home/apt,131,4,110,2021-11-22,1.44,2,335,6,
7918142,"Bright, peaceful apartment surrounded by nature",12733830,Jelle,,Brugse Poort - Rooigem,51.05387,3.69125,Entire home/apt,70,2,66,2021-11-19,2.25,1,0,24,
8066950,"Sleepin'Bont, a central & spacious spot",42607240,Karen,,Macharius - Heirnis,51.05271,3.73712,Entire home/apt,95,2,119,2020-03-08,1.83,1,0,0,
8077970,Loft Lien in Gent Centrum,42670243,Herlinde,,Watersportbaan - Ekkergem,51.05189,3.70813,Entire home/apt,80,2,39,2021-11-21,0.52,1,82,2,
8282345,B&B Halewijn,43671238,Christine,,Drongen,51.05343,3.61825,Private room,97,1,10,2021-11-14,0.13,2,339,1,
8296779,B&B Halewijn,43671238,Christine,,Drongen,51.05164,3.61841,Private room,97,1,13,2021-08-07,0.17,2,340,1,
8338763,Romantic suite along the waterfront,43955111,Stijn En Edith,,Brugse Poort - Rooigem,51.06295,3.70238,Private room,75,2,19,2018-07-22,0.25,2,176,0,
8347942,Spacious loft in the historical centre,39837750,Laurens,,Elisabethbegijnhof - Papegaai,51.05237,3.72016,Entire home/apt,101,2,343,2021-12-06,5.07,1,66,48,
8366610,Sunny & Stylish Loft in the Heart of the Old Town.,20327558,Dirk,,Binnenstad,51.05367,3.72258,Entire home/apt,99,3,163,2021-09-27,2.14,1,316,4,
8480136,Ruime gezinswoning met stadstuin,6552370,Heidi,,Ledeberg,51.03867,3.74253,Entire home/apt,125,4,15,2021-08-07,0.21,1,0,1,
8482980,Modern spacious house near the city centre.,24314613,Klaas,,Sint Amandsberg,51.06423,3.75269,Entire home/apt,95,4,1,2020-07-22,0.06,1,348,0,
8512243,Apartment in the Prinsenhof quarter,44823655,Francis,,Elisabethbegijnhof - Papegaai,51.0572,3.71549,Private room,78,1,7,2020-03-19,0.10,2,114,0,
8766948,Stylish apartment city centre Ghent,10131924,Dymphne,,Binnenstad,51.0507,3.73034,Entire home/apt,70,2,93,2021-11-05,1.23,1,341,30,
8770187,"Room in Ghent, close to center + public transport",5566420,Jerome,,Stationsbuurt Noord,51.03674,3.71382,Private room,50,2,85,2020-02-23,1.13,1,82,0,
8836731,Modern appartement met sauna + zonovergoten terras,11361327,Leen,,Watersportbaan - Ekkergem,51.04933,3.70871,Private room,150,1,0,,,1,91,0,
8963647,2 Bedroom apartment centre Ghent,14549050,Wouter,,Elisabethbegijnhof - Papegaai,51.05376,3.71152,Entire home/apt,144,2,75,2021-08-16,1.07,1,342,2,
9024440,Authentic charm in medieval quarter,13037514,Marie-Catherine,,Binnenstad,51.05722,3.72101,Private room,63,1,142,2020-03-08,1.89,1,0,0,
9038976,Trendy flat in historical centre,46955407,Marleen,,Binnenstad,51.05797,3.72291,Entire home/apt,202,2,22,2021-12-12,0.29,2,360,3,
9048939,Breathtaking Views in ❤ of Ghent with Hot Tub,17321727,Bert,,Elisabethbegijnhof - Papegaai,51.05314,3.72057,Entire home/apt,126,4,109,2021-08-12,1.47,1,30,1,
9087777,Private room in a Belle-Epoque house,47388258,F,,Dampoort,51.05048,3.74484,Private room,24,1,541,2021-12-11,7.22,3,46,73,
9213284,Furnished 2 person apartment for rent in Ghent,25065540,Ram,,Zwijnaarde,51.01164,3.70341,Entire home/apt,49,30,1,2018-12-22,0.03,1,352,0,
9405140,Small houseboat - Kleine woonboot (12 meter),48772653,Eddie,,Brugse Poort - Rooigem,51.06229,3.70207,Entire home/apt,20,30,59,2019-06-02,0.80,1,173,0,
9517251,comfortable 2 bedroom apartment,17180388,Gerda,,Sluizeken - Tolhuis - Ham,51.06502,3.72944,Entire home/apt,70,7,3,2016-04-06,0.04,6,113,0,
9641974,"M/S Carpe-Diem ""Deck House"" - Studio on a Barge",49858029,Filip,,Muide - Meulestede - Afrikalaan,51.06499,3.73675,Entire home/apt,80,3,1,2020-07-20,0.06,2,114,0,
9743759,"Ruim huis in rustige straat, ideaal voor families.",50268558,Eva,,Dampoort,51.04925,3.75158,Entire home/apt,172,14,27,2019-08-08,0.38,1,358,0,
9871840,Maison Mahy - Gentse zolderkamer/studio,46370328,Ben & Lilla,,Sint Amandsberg,51.07093,3.76333,Private room,80,1,30,2021-10-12,1.78,1,127,22,
9892022,Nieuwe flat in historisch centrum,46955407,Marleen,,Binnenstad,51.05406,3.7208,Entire home/apt,169,2,7,2019-12-31,0.10,2,356,0,
9895777,Studio lumineux et confortable,38437518,Catherine,,Stationsbuurt Zuid,51.03704,3.70164,Entire home/apt,74,3,59,2021-11-11,0.82,1,340,6,
9933916,Zebrahouse Ghent: a house with a soul (+breakfast),51060301,Maria Louisa,,Ledeberg,51.04064,3.74279,Entire home/apt,420,7,57,2018-11-04,0.78,2,357,0,
9982414,Leuk appartement in het Prinsenhof,44823655,Francis,,Elisabethbegijnhof - Papegaai,51.05882,3.71398,Private room,78,2,0,,,2,113,0,
10015215,Ruim appartement hartje Gent.,51433840,Collin,,Binnenstad,51.05424,3.72308,Entire home/apt,260,4,99,2021-12-04,1.41,1,212,4,
10083084,Curiosity room in a Belle-Epoque house,47388258,F,,Dampoort,51.05032,3.74704,Private room,27,1,625,2021-12-19,8.55,3,43,84,
10201604,Well-situated and Comfortable Home.,1792071,Sabine,,Stationsbuurt Zuid,51.03176,3.72289,Entire home/apt,92,1,397,2021-12-05,5.49,1,298,27,
10308285,LOFT- Duplex-in canopy of trees center Ghent,53039258,Veerle,,Binnenstad,51.04152,3.72741,Entire home/apt,53,4,16,2019-07-08,0.31,2,63,0,
10312116,Something Els. Appartment in the heart of the city,53059501,Els,,Elisabethbegijnhof - Papegaai,51.05174,3.7182,Entire home/apt,83,2,224,2021-12-19,3.10,2,77,40,
10325779,Charming old center apartment,53135103,Akira & Aris,,Binnenstad,51.0579,3.72054,Entire home/apt,87,1,449,2021-12-05,6.21,3,72,85,
10350818,Old Mansion with loggia in perfect location,23333629,Mia,,Binnenstad,51.04422,3.72189,Entire home/apt,45,3,98,2021-08-14,1.36,2,35,8,
10831917,Spacious apartment with terrace.,56088666,Lieven,,Sint Amandsberg,51.06152,3.75648,Entire home/apt,77,7,1,2016-04-06,0.01,1,264,0,
10842431,Bright & Luxury City Centre apartment in Ghent,15300260,"Aron, Dave & Myriam",,Rabot  - Blaisantvest,51.06072,3.71552,Entire home/apt,72,30,72,2021-12-14,1.03,3,186,8,
11308674,Luxurious suite in the historic centre of Ghent,28517059,Astrid & Gilles,,Binnenstad,51.0564,3.7231,Entire home/apt,142,1,143,2021-12-19,9.19,3,348,129,
11520446,Gezellige kamer,16056459,Line,,Oostakker,51.10539,3.76835,Private room,42,2,34,2021-12-10,0.49,1,364,6,
11538310,Bright spacious room for 2 to 4 persons @Ghent,39312954,Tamara,,Drongen,51.03929,3.66652,Private room,52,2,30,2019-04-07,0.45,2,1,0,
11543219,Cosy room in luxury appartment,15728434,Laurent,,Stationsbuurt Noord,51.03881,3.71767,Private room,61,2,43,2021-11-28,0.61,1,88,3,
11598877,Apartment Ghent,61368922,Agnes,,Stationsbuurt Noord,51.03482,3.71514,Entire home/apt,90,2,19,2020-07-28,0.27,2,3,0,
11606094,Coulourful room in green residential neighbourhood,2508856,Tibbe,,Stationsbuurt Noord,51.04229,3.70398,Private room,28,1,29,2020-08-28,0.42,2,45,0,
11855537,"Rooftop terrace, stunning view in city center",63191355,Dino,,Binnenstad,51.05593,3.72656,Entire home/apt,114,3,86,2021-12-19,1.53,1,341,38,
11939475,Appartement on the ground floor with terras,60345129,Imschoot,,Elisabethbegijnhof - Papegaai,51.05253,3.71447,Entire home/apt,60,2,269,2021-12-23,3.91,1,332,56,
12033706,Run In To Flowers,60347645,Frederik,,Elisabethbegijnhof - Papegaai,51.05634,3.71033,Private room,65,1,0,,,1,363,0,
12103538,Living The Dream - A Hidden Gem,64426079,Bart,,Binnenstad,51.05424,3.72308,Entire home/apt,330,2,101,2021-12-12,1.47,2,305,13,
12104123,Wonderful apartment in the historic center,44774304,Marieke,,Elisabethbegijnhof - Papegaai,51.05039,3.71906,Entire home/apt,92,3,167,2021-12-06,2.49,1,291,11,
12139439,Centre Ghent: design 2p apartment,15903511,Caroline,,Binnenstad,51.04773,3.72394,Private room,100,2,109,2021-11-21,1.58,1,359,9,
12199107,Welcome in our beautiful house,65585483,Annelies,,Sluizeken - Tolhuis - Ham,51.06263,3.72754,Private room,66,2,259,2021-11-26,3.72,1,352,20,
12355758,"ZEBRAHOUSE GHENT, A HOUSE WITH A SOUL (+breakfast)",51060301,Maria Louisa,,Ledeberg,51.04079,3.74275,Entire home/apt,420,2,3,2016-07-15,0.04,2,365,0,
12423613,New duplex guesthouse,24194314,Caroline,,Dampoort,51.0541,3.74264,Entire home/apt,85,2,231,2021-12-19,3.44,1,318,23,
12749066,Good bed in colourfull house,69343106,Ingeborg,,Ledeberg,51.03554,3.74434,Private room,26,2,37,2020-01-03,0.59,2,58,0,
13093076,Bright spacious room with gardenview @Ghent,39312954,Tamara,,Drongen,51.03922,3.66659,Private room,44,1,40,2020-03-08,0.60,2,3,0,
13112422,"Trendy, Cosy, Historical Center",9526236,Marc,,Elisabethbegijnhof - Papegaai,51.05151,3.71614,Entire home/apt,78,3,49,2020-09-27,0.73,2,75,0,
13170409,Vintage urban family house,17951161,Peter,,Ledeberg,51.03532,3.75295,Entire home/apt,160,2,13,2019-12-30,0.21,1,363,0,
13289354,"Bright-light apartment, close to the station",74979203,Daan,,Stationsbuurt Noord,51.0372,3.71306,Entire home/apt,181,2,138,2021-12-10,2.05,1,0,24,
13509414,PROSPERITE BOAT,10970631,Mark And Lucia,,Muide - Meulestede - Afrikalaan,51.06333,3.73655,Entire home/apt,43,1,88,2021-10-01,1.31,1,0,8,
13537299,hof van spanje 1,53550847,Evelyne,,Binnenstad,51.05651,3.72624,Entire home/apt,217,2,49,2021-12-19,0.77,2,42,13,
13561939,hof van spanje 2,53550847,Evelyne,,Binnenstad,51.05631,3.72719,Entire home/apt,217,2,41,2021-11-03,0.65,2,46,7,
13601337,Spacious house with garden along the waterfront,43955111,Stijn En Edith,,Rabot  - Blaisantvest,51.06323,3.70403,Entire home/apt,145,3,13,2021-08-15,0.20,2,271,1,
13633848,"COSY, STYLISH, BRIGHT apartment - city of Ghent",15123546,Tine,,Sluizeken - Tolhuis - Ham,51.06476,3.73008,Entire home/apt,111,2,121,2021-12-21,1.85,1,158,33,
13649596,Well situated apartment for 4-6 in centre Ghent,5883895,Annelore,,Macharius - Heirnis,51.04769,3.7439,Entire home/apt,90,30,307,2020-03-09,4.59,7,144,0,
13704632,Historic house in center Gent,15300260,"Aron, Dave & Myriam",,Binnenstad,51.05115,3.73138,Entire home/apt,79,2,259,2021-12-19,3.90,3,349,31,
13724927,Modern house close to Ghent city center,351820861,Nathan,,Stationsbuurt Noord,51.03483,3.72723,Entire home/apt,75,2,35,2021-09-20,0.53,1,0,6,
13827261,Spacious Top Floor,982271,Ben,,Elisabethbegijnhof - Papegaai,51.05652,3.7188,Private room,70,2,124,2020-07-19,1.87,1,107,0,
13839827,Spacious home with garden and free parking,17882332,Lori,,Oud Gentbrugge,51.04087,3.75496,Entire home/apt,86,1,78,2021-08-08,1.17,1,23,3,
13888897,Designer suite with large tub close to the station,43570873,Peter,,Stationsbuurt Noord,51.03815,3.70666,Entire home/apt,95,1,153,2021-12-23,2.37,1,76,25,
14053072,"""Little footprint "" - Eco B&B",1734521,Klaartje,,Brugse Poort - Rooigem,51.06347,3.70061,Private room,35,1,49,2021-11-08,0.77,1,150,12,
14227218,BnB Renee - bright apartment near station,86455568,Frederik,,Stationsbuurt Noord,51.03948,3.71806,Entire home/apt,63,7,35,2021-09-23,0.54,2,212,1,
14336210,Historical house in center Ghent,26621819,Tom & Caroline,,Rabot  - Blaisantvest,51.05808,3.71035,Entire home/apt,325,2,3,2019-08-16,0.05,1,0,0,
14417354,"Big trendy loft, free parking, nearby city centre",16289639,Len,,Sluizeken - Tolhuis - Ham,51.06019,3.72922,Entire home/apt,366,3,107,2021-12-09,1.87,1,93,16,
14466061,"Private room with big terras, shower and parking",89142902,Anna,,Binnenstad,51.04075,3.72252,Private room,48,1,474,2021-12-20,7.30,1,328,62,
14541530,Modern gardenhouse (80m²) with terrace and garden,89977974,Erwin,,Mariakerke,51.06805,3.66364,Entire home/apt,94,2,153,2021-11-14,2.89,1,327,25,
14541839,Icarus' Home,40930356,Hilde En Filip,,Dampoort,51.04973,3.74725,Entire home/apt,48,2,176,2021-11-27,2.72,1,47,2,
14721207,Lascars' Guesthouse near city center,29497600,Kris,,Stationsbuurt Zuid,51.02816,3.7231,Entire home/apt,92,1,299,2021-12-06,4.86,1,289,38,
14792281,Modern studio in the city centre,92383374,Bart,,Elisabethbegijnhof - Papegaai,51.05318,3.71724,Entire home/apt,92,3,72,2020-08-04,1.12,1,52,0,
14831444,Private studio Creativo + free bikes,92767961,Kitty,,Mariakerke,51.07756,3.6907,Private room,69,2,40,2021-11-14,0.64,1,365,6,
14877515,Room & ensuite bathroom near Ghent,93264204,Wim,,Dampoort,51.05066,3.76195,Private room,40,1,272,2021-12-06,4.25,1,348,42,
14881274,Private room near Ghent,26806492,Elien & Filip,,Ledeberg,51.03629,3.74342,Private room,40,1,276,2020-09-13,4.28,1,0,0,
14897622,Bright apartment in historic townhouse,6148809,Amaryllis,,Elisabethbegijnhof - Papegaai,51.05608,3.7179,Entire home/apt,60,1,617,2021-12-22,9.66,1,150,93,
14928559,Rooftop apartment,93854999,Yorick,,Ledeberg,51.03476,3.73632,Entire home/apt,85,2,0,,,1,205,0,
14963441,"Cosy, light vintage design appartment",5883895,Annelore,,Macharius - Heirnis,51.04782,3.74419,Entire home/apt,82,1,143,2021-07-28,2.23,7,141,6,
15078227,Cosy Apartment near city centre Gent / Ghent.,7798727,Anelda,,Bloemekenswijk,51.06638,3.70915,Entire home/apt,105,2,9,2021-03-21,0.40,2,0,1,
15098520,Room 'Olga' - B&B Graaf.,43889699,Kenzo,,Sluizeken - Tolhuis - Ham,51.06185,3.7211,Private room,64,2,4,2021-02-15,0.12,3,0,3,
15158816,"Flats with a soul, in the heart of Ghent.",96173226,Ingrid,,Binnenstad,51.0564,3.72097,Entire home/apt,140,2,6,2021-08-21,0.10,1,354,1,
15266842,Room near the center and all public transport.,16979747,Tom,,Stationsbuurt Zuid,51.03247,3.71313,Private room,49,2,175,2021-11-03,2.85,1,352,10,
15279587,Duplex room with mezzanine and ensuite bathroom,1155760,Caroline,,Gentbrugge,51.03284,3.76246,Private room,55,1,152,2021-11-19,2.50,1,18,13,
15306836,Cosy room with King size bed,9347190,Annelies,,Dampoort,51.05727,3.74099,Private room,50,3,78,2021-11-07,1.23,1,141,4,
15407588,Room in an artistic house near the centre of Ghent,50509069,Reintje,,Rabot  - Blaisantvest,51.06418,3.70996,Private room,20,6,47,2021-12-03,0.74,1,120,5,
15654068,Luxury house nearby the centre and station,48494858,Bieke,,Stationsbuurt Noord,51.04186,3.71587,Entire home/apt,150,2,4,2019-08-17,0.10,1,121,0,
15660061,Apartment in the heart of the Historic Centre,101087428,Veerle,,Binnenstad,51.05361,3.72425,Entire home/apt,131,2,278,2021-12-12,4.43,1,107,25,
15912167,"Very cosy cottage,old tower. Free parking,bycicles",41605946,Luc,,Gentbrugge,51.03967,3.77336,Entire home/apt,99,3,26,2021-11-01,0.44,1,242,2,
15924258,LAST MINUTE DEC. - Just  feel@home in Ghent,14896039,Kaat,,Brugse Poort - Rooigem,51.05932,3.69674,Entire home/apt,72,2,57,2021-11-21,0.93,1,40,5,
15925176,Brand new private top floor in a travelers house!,9175868,Elke,,Brugse Poort - Rooigem,51.06117,3.69004,Private room,50,1,56,2020-03-08,0.91,1,274,0,
15937307,Edville studio Duplex A301  (2p-4p),414263,Edward En Daphne,,Binnenstad,51.03787,3.73042,Entire home/apt,92,1,10,2021-11-12,0.16,10,311,1,
16484658,Spatious city centre apartment Ghent,14531718,Frederik,,Elisabethbegijnhof - Papegaai,51.04982,3.7126,Entire home/apt,78,1,155,2021-12-12,2.55,1,48,24,
16592801,cozy studio in the canopy of trees center Ghent,53039258,Veerle,,Binnenstad,51.03955,3.73126,Entire home/apt,75,4,34,2018-04-02,0.57,2,65,0,
16684903,Stylish apartment @ heart historic Ghent!,42607614,Catherine,,Binnenstad,51.05824,3.72104,Entire home/apt,278,3,81,2021-11-21,1.41,1,167,8,
16701149,Romantic apartment at the Opera House,110630447,Kristof,,Binnenstad,51.04984,3.72148,Entire home/apt,101,2,260,2021-12-05,4.34,4,57,29,
16744699,Bed Resort - Lucas Munich,8651909,Gerald,,Macharius - Heirnis,51.0547,3.73628,Entire home/apt,84,7,67,2021-06-30,1.13,3,0,1,
16952327,Cosy shared house next to the water,6758108,Ellen,,Bloemekenswijk,51.06893,3.69547,Private room,55,2,27,2020-09-02,0.46,2,0,0,
17026559,Newly renovated private room nearby city center,25384984,Niko,,Sint Amandsberg,51.06424,3.74712,Private room,35,2,20,2021-07-19,0.37,1,121,1,
17196233,Centre of Ghent:authentic apartment,115767658,Marie Jeanne,,Binnenstad,51.04554,3.72371,Entire home/apt,75,10,80,2021-11-03,1.38,1,173,2,
17341843,New modern studio,18156019,Marleen,,Binnenstad,51.04025,3.73841,Entire home/apt,50,2,23,2021-09-18,0.40,1,0,4,
17411938,Apartment /loft up to 5 people,17180388,Gerda,,Sluizeken - Tolhuis - Ham,51.06253,3.73055,Entire home/apt,125,10,19,2019-09-01,0.33,6,325,0,
17415373,Edville studio Duplex A302 (2p-4p),414263,Edward En Daphne,,Binnenstad,51.03782,3.73044,Entire home/apt,92,2,6,2020-01-17,0.20,10,288,0,
17415762,Duplexstudio Edville Ghent 4p (studio D6),414263,Edward En Daphne,,Stationsbuurt Noord,51.03728,3.72965,Hotel room,89,2,6,2018-06-01,0.10,10,290,0,
17415990,Edville studio Duplex (2p-4p),414263,Edward En Daphne,,Binnenstad,51.03782,3.73044,Entire home/apt,74,7,11,2021-12-20,0.21,10,332,7,
17416223,Edville studio Duplex A304 (2p-4p),414263,Edward En Daphne,,Binnenstad,51.03782,3.73044,Entire home/apt,92,2,2,2019-09-29,0.04,10,336,0,
17416354,Edville Studio A102,414263,Edward En Daphne,,Binnenstad,51.03782,3.73044,Entire home/apt,79,2,5,2021-12-19,0.09,10,328,2,
17416437,Edville Studio,414263,Edward En Daphne,,Binnenstad,51.03782,3.73044,Entire home/apt,72,2,11,2019-06-10,0.22,10,239,0,
17416518,Edville Studio,414263,Edward En Daphne,,Binnenstad,51.03782,3.73044,Entire home/apt,62,1,12,2020-09-17,0.22,10,298,0,
17585223,Deluxe Suite Apartment 6P Lord of Ghent,46082978,Vic,,Binnenstad,51.05364,3.72316,Entire home/apt,315,2,24,2021-09-12,0.42,2,342,3,
17883395,Oasis of Ghent,76402457,Bhakti,,Ledeberg,51.03836,3.74107,Entire home/apt,35,3,28,2021-09-12,0.51,2,113,10,
18250197,Captains room on Riverboat with riverview,9801533,Maarten,,Brugse Poort - Rooigem,51.05842,3.70699,Entire home/apt,121,1,72,2021-11-10,1.28,2,326,33,
18251661,Sailorsroom on a Riverboat,9801533,Maarten,,Brugse Poort - Rooigem,51.05975,3.70525,Entire home/apt,121,1,35,2021-12-14,0.68,2,341,18,
18342213,En suite kamer met mezzanine in historisch centrum,8203256,Annik & Kristof,,Binnenstad,51.05528,3.73152,Private room,74,2,38,2021-09-04,0.67,2,142,1,
18370024,Paparazzo - Ghent (city center),40352209,Filip,,Binnenstad,51.05122,3.72157,Entire home/apt,75,1,150,2021-12-23,2.94,2,345,35,
18555913,Apartment in the centre of Ghent with car park,46127163,Anneke,,Elisabethbegijnhof - Papegaai,51.05125,3.71874,Entire home/apt,135,2,195,2021-11-06,3.55,4,296,24,
18761830,single room in colourfull house,69343106,Ingeborg,,Ledeberg,51.03528,3.74425,Private room,21,2,26,2021-12-16,0.47,2,32,7,
18834578,Renovated triplex in the city centre of Ghent,131163319,Aydan,,Elisabethbegijnhof - Papegaai,51.05316,3.71224,Entire home/apt,69,2,211,2021-12-09,3.91,1,74,19,
18872493,Completely renovated 19th century family house,3255623,"Pieter, Jana; Kat & Lilou",,Macharius - Heirnis,51.04735,3.74056,Entire home/apt,99,2,10,2021-08-16,0.19,1,0,2,
18875514,Private studio near city center,48898791,Joren,,Brugse Poort - Rooigem,51.06138,3.68983,Entire home/apt,65,2,91,2021-12-20,1.71,1,177,1,
18891699,Maison Arlette Louise,131643434,Mileen,,Binnenstad,51.05237,3.72686,Entire home/apt,124,2,181,2021-12-14,3.27,1,172,28,
18920831,Eve's room Spacious rooftop in Ghent,10881977,Nancy,,Sluizeken - Tolhuis - Ham,51.06351,3.73491,Private room,93,2,74,2021-12-12,2.42,1,168,19,
18938305,Family home in center of Ghent,18633623,Johannes,,Elisabethbegijnhof - Papegaai,51.0524,3.7156,Entire home/apt,125,5,4,2020-01-03,0.13,1,0,0,
19090011,Spacious top floor apartment in historic center.,4739451,Lieve,,Elisabethbegijnhof - Papegaai,51.05455,3.71706,Entire home/apt,86,5,0,,,2,84,0,
19097524,authentic spacious apartement in historic centre,133404776,Femke,,Binnenstad,51.05555,3.7251,Entire home/apt,185,1,39,2021-11-07,0.72,3,316,7,
19152623,design/retro apartment,7561538,Llotte,,Binnenstad,51.05061,3.73146,Entire home/apt,65,1,447,2021-12-16,8.22,1,95,99,
19184277,New trendy studio in a great location,134192357,Nathalie,,Binnenstad,51.04015,3.73687,Entire home/apt,64,1,216,2021-12-08,3.92,2,254,26,
19279395,Cosy studio near the historical center of Gent.,121003233,Hilde,,Sluizeken - Tolhuis - Ham,51.06267,3.71693,Entire home/apt,87,2,158,2021-12-16,2.93,1,227,25,
19290358,Central and cosy room in the old City center,13832946,Bart,,Binnenstad,51.05137,3.72669,Private room,55,1,79,2021-11-29,1.45,1,0,6,
19322644,Apartment Gent,135342781,Advas,,Stationsbuurt Noord,51.03682,3.71754,Entire home/apt,78,2,4,2021-04-17,0.07,1,4,2,
19444574,Apartment Gent (Citadel Area),136340475,Valerie,,Stationsbuurt Noord,51.03597,3.71698,Entire home/apt,75,1,68,2021-12-19,1.24,1,7,24,
19526484,Modern family house in old beguinage in the center,33514941,Tom,,Elisabethbegijnhof - Papegaai,51.05824,3.71122,Entire home/apt,289,4,17,2021-11-14,0.31,1,171,2,
19551628,Cozy apartment beside the river and wonderful view,75606591,Kian,,Watersportbaan - Ekkergem,51.04436,3.70232,Entire home/apt,35,4,0,,,1,0,0,
19592103,"Sunny, Clean & Quite Loft, Nearby city centre",12841027,Muriel,,Binnenstad,51.04085,3.73801,Entire home/apt,89,2,15,2021-11-08,0.27,1,329,10,
19613603,House of Trade - Suite for 3 with 2 balconies,94136253,Caroline,,Binnenstad,51.05936,3.72464,Entire home/apt,132,1,34,2021-12-11,0.63,1,303,10,
19645720,Welcome in the world of Chanel (private),4552523,Leonard,,Binnenstad,51.05076,3.73211,Entire home/apt,58,1,321,2021-12-12,5.96,5,351,3,
19649539,Centrally located charming house next to the water,24949144,Ria,,Sluizeken - Tolhuis - Ham,51.05999,3.73023,Entire home/apt,80,20,7,2018-08-13,0.13,1,363,0,
19667164,Beautiful Design Loft in Gent with large garden,22044540,Tomas,,Stationsbuurt Noord,51.0327,3.72371,Entire home/apt,170,1,82,2021-11-28,1.58,1,165,18,
19785070,Cosy private urban studio + FREE bikes!,3385245,Lesley,,Sint Amandsberg,51.06619,3.74946,Entire home/apt,69,1,240,2020-09-20,4.44,1,213,0,
19809622,Cosy retro house with terrace and garden,32522704,Bart,,Oud Gentbrugge,51.03979,3.74534,Entire home/apt,68,6,38,2021-08-31,0.70,2,12,2,
19897157,Mooie kamer niet ver van het centrum.,125572769,Marleen,,Ledeberg,51.03489,3.74572,Private room,35,2,11,2019-10-17,0.20,2,54,0,
19914949,Welcome in this golden place...,4552523,Leonard,,Binnenstad,51.05055,3.73152,Entire home/apt,58,1,322,2021-12-19,5.97,5,343,39,
19927493,Cool Studio in Castle Garden...,135773114,Eline & Daan,,Elisabethbegijnhof - Papegaai,51.05849,3.71875,Entire home/apt,39,10,230,2020-03-15,4.28,1,207,0,
19941444,Flat in Gent centrum met terras & gratis parking,46127163,Anneke,,Elisabethbegijnhof - Papegaai,51.05124,3.71806,Entire home/apt,128,2,114,2021-12-08,2.33,4,323,23,
19965497,Fully furbished holiday house near Ghent,141556808,Klein,,Mariakerke,51.07366,3.69304,Entire home/apt,100,5,7,2021-04-17,0.32,1,0,3,
20096647,Cosy studio in city centre.,4552523,Leonard,,Binnenstad,51.05236,3.73296,Entire home/apt,58,1,262,2021-12-17,4.89,5,342,2,
20183287,Maison Bontinck 44/2,41365502,Caroline,,Binnenstad,51.04962,3.72713,Entire home/apt,99,2,0,,,2,0,0,
20183709,Brabantdam 44/3,41365502,Caroline,,Binnenstad,51.05133,3.7294,Entire home/apt,99,2,1,2017-10-23,0.02,2,0,0,
20319269,Renovated appartment  centrum Gent,144147367,Ilyes,,Elisabethbegijnhof - Papegaai,51.05187,3.71836,Entire home/apt,100,1,110,2021-11-21,2.08,1,86,9,
20379887,Welcome in the Andy Warhol suite (private),4552523,Leonard,,Binnenstad,51.05243,3.73215,Entire home/apt,58,1,349,2021-12-11,6.57,5,339,16,
20468105,"Room in Ghent - calm, nearby city centre",19785284,Joanna,,Oud Gentbrugge,51.04476,3.75834,Private room,30,1,22,2020-03-08,0.42,1,50,0,
20491275,Ghent: Perfect Central Apartment with big terrace,47275109,Dirk,,Rabot  - Blaisantvest,51.06584,3.71889,Entire home/apt,68,1,129,2021-12-17,2.45,1,1,24,
20612508,La pensée sauvage (A wild thought),147323902,Rudy,,Elisabethbegijnhof - Papegaai,51.05162,3.71677,Entire home/apt,85,1,324,2021-12-19,6.18,3,333,59,
20644692,Modern appartement with park-view,15514725,Julie,,Oud Gentbrugge,51.04487,3.75433,Entire home/apt,85,2,13,2021-10-17,0.25,1,7,1,
20832097,Your own loft in city centre with indoor parking,9734743,Maxime,,Sluizeken - Tolhuis - Ham,51.06261,3.71787,Entire home/apt,91,1,123,2021-12-20,3.22,1,0,83,
20832785,Charming 3 Bedroom on the Canal Near the City,3149265,Simela,,Brugse Poort - Rooigem,51.06179,3.70339,Entire home/apt,68,3,56,2019-11-29,1.10,2,9,0,
20842771,Gezinswoning in rustige buurt,35397446,Manon,,Bloemekenswijk,51.07333,3.6991,Entire home/apt,103,7,8,2021-08-01,0.19,1,82,1,
21021842,"Stylish penthouse, great location, 2 big terraces!",19346897,Louise,,Binnenstad,51.04475,3.72994,Entire home/apt,111,7,28,2021-08-17,0.55,1,36,2,
21194829,Bed Resort - Belfort,8651909,Gerald,,Binnenstad,51.05506,3.72798,Entire home/apt,94,5,21,2021-10-16,0.43,3,265,1,
21214879,"ATELIER 7
Unique place in city center",29742444,Mattias,,Elisabethbegijnhof - Papegaai,51.04972,3.71625,Entire home/apt,121,5,104,2020-09-03,2.28,1,79,0,
21222837,"Room in Ghent, Belgium",13589979,Maria,,Brugse Poort - Rooigem,51.05882,3.70134,Private room,29,2,32,2020-03-01,0.63,1,0,0,
21263681,Penthouse centrum Gent,63794642,David,,Binnenstad,51.05039,3.73116,Entire home/apt,320,2,50,2021-11-14,1.02,1,345,5,
21342969,Ghent city guest house_free parking,34274994,Ann-Sophie,,Elisabethbegijnhof - Papegaai,51.05516,3.71307,Entire home/apt,135,2,110,2021-12-01,2.19,1,24,15,
21487839,Your Suite Ghent,134192357,Nathalie,,Binnenstad,51.05059,3.73015,Entire home/apt,68,1,246,2021-11-28,4.99,2,226,39,
21570759,Architectural house near city center - 20min walk,4896545,Karolien,,Oud Gentbrugge,51.04299,3.74594,Entire home/apt,269,1,123,2021-11-28,2.50,2,338,26,
21571187,The Lighthouse Atelier,4009178,Leen,,Rabot  - Blaisantvest,51.05702,3.70975,Entire home/apt,75,2,127,2020-10-01,2.55,1,0,0,
21606699,Stay in the center of Ghent!,157161550,Nathalie,,Sluizeken - Tolhuis - Ham,51.06186,3.72402,Entire home/apt,140,2,22,2021-10-17,0.70,1,0,12,
21767980,Charming duplex in mansion close to city centre.,158599459,Toon En Ingrid,,Elisabethbegijnhof - Papegaai,51.05792,3.71404,Entire home/apt,140,2,106,2021-12-12,2.15,1,150,23,
21907317,"Near the station, free parking",119242405,Daniel,,Drongen,51.04534,3.65309,Private room,33,1,27,2021-09-22,0.55,2,273,3,
21911071,Rap 'n Holiday Home,159867374,Gaby,,Sint Denijs Westrem,51.0154,3.66425,Entire home/apt,85,2,5,2021-08-07,0.12,1,3,2,
21941354,Welcome in the world of Salvador Dali,109991056,Léonard En Mercutio,,Binnenstad,51.05156,3.73154,Entire home/apt,58,1,139,2021-12-12,2.81,4,353,11,
22047333,Renovated historic mill loft,22753242,Michiel,,Binnenstad,51.05839,3.72373,Entire home/apt,90,2,119,2021-10-31,2.49,1,178,7,
22061504,"cosy studio (Ghent), 2p, separate bathroom",15982903,Sarah En Jan,,Ledeberg,51.03428,3.74255,Private room,50,3,9,2019-12-30,0.19,1,24,0,
22094809,"Spacious app with big terrace, nearby trainstation",98213585,David,,Dampoort,51.0555,3.74192,Entire home/apt,169,2,56,2021-12-12,1.23,3,328,7,
22314526,Stylish Loft in Charming Townhouse in City Center,105326422,Matthias,,Binnenstad,51.05777,3.72162,Entire home/apt,183,2,158,2021-11-21,3.24,3,81,22,
22324768,Espresso suite,13829824,Francis,,Muide - Meulestede - Afrikalaan,51.07128,3.7296,Entire home/apt,95,2,63,2021-11-28,1.36,6,352,17,
22330886,Beautiful and private studio/apartment,163267642,Luc,,Stationsbuurt Zuid,51.02865,3.72368,Private room,55,6,43,2021-11-14,0.92,1,237,4,
22356023,Room in Central and Young Apartment,21358179,Bart,,Watersportbaan - Ekkergem,51.04543,3.71172,Private room,36,14,0,,,3,98,0,
22539464,Chère Anna (City Center Top Location),23634443,Anna,,Binnenstad,51.05331,3.73233,Entire home/apt,100,3,131,2021-12-08,2.76,2,13,10,
22581838,Bright and Comfortable ROOM on the Canal,3149265,Simela,,Brugse Poort - Rooigem,51.061,3.70394,Private room,23,2,3,2018-02-11,0.06,2,21,0,
22634155,Design duplex city center appartement,38890537,Julie,,Binnenstad,51.05026,3.72836,Entire home/apt,86,4,161,2021-09-12,3.43,1,298,10,
22679820,B&B Schopenhauer in the historical centre of Ghent,83766425,Erik,,Elisabethbegijnhof - Papegaai,51.05073,3.71981,Private room,120,2,1,2021-10-08,0.38,2,260,1,
22710220,Newly renovated house close to the center of Ghent,18970937,Bert,,Dampoort,51.06025,3.74344,Entire home/apt,69,2,42,2021-11-01,0.90,1,0,25,
22902890,Whale,169515739,Margot,,Drongen,51.04249,3.602,Entire home/apt,100,2,0,,,1,88,0,
23001028,Cosy studio at the Opera,110630447,Kristof,,Binnenstad,51.04984,3.72148,Entire home/apt,87,2,193,2021-11-27,4.12,4,57,29,
23194225,HELENA's Cabin,10631375,Inge,,Muide - Meulestede - Afrikalaan,51.06401,3.73736,Entire home/apt,95,2,38,2021-12-04,0.85,1,353,10,
23227439,private room2 in historical city TOP LOCATION!,63080910,Jeremy,,Elisabethbegijnhof - Papegaai,51.05787,3.71757,Private room,51,1,337,2021-12-08,7.23,2,341,47,
23245483,Cosynest: your home in Ghent,59239296,Voornaam,,Dampoort,51.05083,3.7498,Entire home/apt,119,4,8,2020-03-11,0.20,1,197,0,
23298129,"GUSTAV's HOUSE. A trendy spot to work, love & play",67197572,Bert,,Drongen,51.04987,3.66678,Entire home/apt,175,2,117,2021-09-19,2.51,1,301,19,
23300438,Luxury Apartment  Atelier Ecru,7423873,Stéphanie,,Elisabethbegijnhof - Papegaai,51.05762,3.71787,Entire home/apt,173,2,20,2021-08-19,0.44,1,2,5,
23300768,Private room1 in historical city TOP LOCATION,63080910,Jeremy,,Elisabethbegijnhof - Papegaai,51.05647,3.71801,Private room,51,2,264,2021-12-05,5.74,2,359,15,
23425309,Spacious room - private bathroom near Ghent,15850802,Lotte,,Zwijnaarde,51.01743,3.70425,Private room,52,2,35,2021-11-16,0.91,1,51,7,
23460733,Hostel Sport Gent voor groepen vanaf 8 personen,175061199,Anton,,Watersportbaan - Ekkergem,51.04823,3.70291,Shared room,25,2,27,2021-10-03,0.60,1,0,1,
23474582,Charming duplex with roof-top terrace,15453264,Maarten,,Elisabethbegijnhof - Papegaai,51.05651,3.71166,Entire home/apt,71,3,33,2019-09-30,0.74,1,0,0,
23500215,Modern appartement met klein terras en parking,46127163,Anneke,,Elisabethbegijnhof - Papegaai,51.05124,3.71806,Entire home/apt,88,2,79,2021-12-18,1.73,4,325,25,
23518039,"Luxury and charming apartment, with terrace and view over towers of Ghent.",24893740,Mia,,Binnenstad,51.05559,3.72453,Entire home/apt,170,2,158,2021-12-13,3.40,2,311,25,
23530032,Cosy house in historical heart of Ghent,35367468,Juliette,,Elisabethbegijnhof - Papegaai,51.05581,3.71049,Entire home/apt,101,2,6,2021-11-06,1.26,1,52,6,
23570240,Appartement voor twee personen,176157086,Sofie,,Ledeberg,51.0371,3.73905,Entire home/apt,74,3,3,2018-09-12,0.07,1,85,0,
23636327,Quiet family house in a unique car-free street,28701190,Sara,,Brugse Poort - Rooigem,51.05541,3.69914,Entire home/apt,80,3,11,2021-07-29,0.24,1,23,2,
23643843,Volop ruimte en romantische accenten in een historisch pand in hartje Gent,69788907,Myriam,,Binnenstad,51.05409,3.72985,Entire home/apt,226,2,117,2021-11-28,2.78,1,223,18,
23837044,Design Apartment with Balcony and View over Ghent Towers,24893740,Mia,,Binnenstad,51.05498,3.72542,Entire home/apt,164,2,130,2021-12-12,2.85,2,306,19,
23837349,Charming garden studio in the historic center,53135103,Akira & Aris,,Sluizeken - Tolhuis - Ham,51.05938,3.72161,Entire home/apt,100,1,421,2021-12-08,9.27,3,63,133,
23935662,Inge's Studio in centre Ghent,72907064,Inge,,Sluizeken - Tolhuis - Ham,51.06043,3.73166,Entire home/apt,52,3,120,2021-10-01,2.67,1,0,15,
23949863,StudioLudo,36436221,Ludo,,Watersportbaan - Ekkergem,51.04192,3.71482,Entire home/apt,78,3,31,2021-08-22,0.91,1,57,6,
24016262,Climate neutral self check-in house with fast WiFi,12784980,Hannes,,Ledeberg,51.0346,3.74542,Entire home/apt,87,3,69,2021-12-13,1.52,1,25,11,
24069818,"Brand-new, trendy apartment, sublimely located!",81703164,Charlotte,,Binnenstad,51.05564,3.73232,Entire home/apt,90,1,8,2019-10-11,0.18,1,2,0,
24272178,Spacious duplex with terrace. Centrally located,31030190,Gaelle,,Macharius - Heirnis,51.04767,3.74098,Private room,80,1,56,2021-05-23,1.25,1,0,1,
24307488,Art house located at the centre of Ghent,62303087,Mieke,,Binnenstad,51.04477,3.73456,Entire home/apt,78,2,75,2021-12-09,1.69,1,261,19,
24331315,@303,183575014,Bernard,,Nieuw Gent - UZ,51.0308,3.73046,Entire home/apt,48,2,49,2021-12-02,1.19,2,138,9,
24361777,"A bright apartment for studies,expats or Holidays",11304146,Kristof,,Brugse Poort - Rooigem,51.0613,3.69926,Entire home/apt,51,60,9,2021-09-09,0.21,3,222,2,
24400600,"Cosy 3-bedroom apartment, nearby the train station",98213585,David,,Dampoort,51.05572,3.74245,Entire home/apt,170,2,57,2021-12-07,1.30,3,317,10,
24512050,"Overlook the City's Rooftops at a Bright, Bohemian Haven",185166822,Filip,,Binnenstad,51.04999,3.72655,Entire home/apt,176,2,192,2021-12-14,4.49,1,297,45,
24674787,"Ghent, Spacious house with city-garden",30011531,Alex,,Sluizeken - Tolhuis - Ham,51.06101,3.71774,Entire home/apt,110,6,4,2021-07-24,0.12,1,0,1,
24789666,A beautiful & cosy apartment - feels like home,8726103,Bart,,Sluizeken - Tolhuis - Ham,51.06093,3.72326,Entire home/apt,70,2,233,2021-12-19,5.34,1,162,45,
24845257,EXCLUSIVE: Charming Guesthouse in Ghent,115127057,Marie,,Elisabethbegijnhof - Papegaai,51.05894,3.717,Entire home/apt,290,2,71,2021-10-17,1.66,1,285,10,
25007519,Bright lovely vintage studio,7802210,Barbara,,Dampoort,51.05413,3.74899,Entire home/apt,47,3,70,2019-11-08,1.66,1,176,0,
25049604,Private room  2  in quiet neighbourhood of Gent,183363863,Martine,,Sint Denijs Westrem,51.01323,3.66771,Private room,45,2,33,2021-11-30,0.76,1,81,10,
25069175,A bright Roof Top Studio,11304146,Kristof,,Macharius - Heirnis,51.05433,3.73542,Entire home/apt,36,90,4,2019-09-16,0.10,3,173,0,
25124986,Gezellige loft in centrum Gent met privé terras!,58928,Virginie,,Binnenstad,51.05046,3.72572,Entire home/apt,110,2,84,2021-08-12,2.31,1,176,8,
25160240,Cosy room near the historical center of Gent.,190123238,Johan,,Mariakerke,51.07086,3.69242,Private room,29,2,69,2021-12-12,1.64,1,111,18,
25218066,Cozy Green Apartment in Historic Center of Ghent,190542390,Pj,,Binnenstad,51.05618,3.72473,Entire home/apt,100,2,158,2021-12-09,3.68,1,47,55,
25309283,"'The Boutique' Studio, free CoffeeHouse Breakfast",22195789,Thomas,,Elisabethbegijnhof - Papegaai,51.05397,3.71751,Entire home/apt,60,1,240,2021-12-07,5.93,4,338,79,
25368029,Ground floor loft near city centre + garage,409541,,,Dampoort,51.0547,3.74996,Entire home/apt,96,2,95,2021-12-12,2.22,1,221,10,
25371584,Private new studio in art deco home-great location,4434842,Simon & Robin,,Stationsbuurt Noord,51.04027,3.7069,Entire home/apt,64,2,117,2021-12-20,3.28,2,300,40,
25375361,Cute house with a private little garden & 2 bikes,156444018,Wim,,Watersportbaan - Ekkergem,51.05007,3.70558,Entire home/apt,83,2,58,2021-09-24,1.37,1,0,25,
25619346,Beautiful room in the city center of Ghent,20566731,Sofie,,Rabot  - Blaisantvest,51.06049,3.71457,Private room,72,1,80,2021-11-21,1.92,1,206,3,
25853812,Classy penthouse with terrace in the heart of Gent,169991961,Thierry & Inge,,Binnenstad,51.05098,3.72283,Entire home/apt,124,4,52,2021-11-29,1.24,1,52,8,
25970539,Cozy apartment in the historic center,77082543,Hans,,Elisabethbegijnhof - Papegaai,51.04979,3.71971,Entire home/apt,68,1,68,2021-11-23,1.61,1,255,11,
26090907,Stylish Loft in Charming Townhouse in City Center,105326422,Matthias,,Binnenstad,51.0582,3.72091,Entire home/apt,110,2,83,2021-11-14,1.99,3,171,15,
26094960,Living The Moment - Your Charming House,64426079,Bart,,Binnenstad,51.05309,3.73111,Entire home/apt,250,2,20,2020-03-15,0.50,2,231,0,
26121271,B&B Petit Prince – Historic Center – Nordic Orange,30925639,Polo,,Elisabethbegijnhof - Papegaai,51.05819,3.71388,Hotel room,107,1,19,2021-11-12,0.45,3,163,5,
26159197,Maison Touche (Spacious and central located),196617503,Sofie,,Binnenstad,51.05184,3.72635,Entire home/apt,146,2,128,2021-12-19,3.05,1,349,23,
26161189,B&B Petit Prince – Historic Center – Arabic Blue,30925639,Polo,,Elisabethbegijnhof - Papegaai,51.05819,3.71388,Hotel room,117,1,24,2021-12-03,0.57,3,252,3,
26182014,"Colibri house - Xsimple,friendly and happy people!",170037596,Julie,,Stationsbuurt Zuid,51.02957,3.7041,Entire home/apt,95,2,4,2021-08-12,0.10,1,0,1,
26195752,B&B Petit Prince – Historic Center – French Green,30925639,Polo,,Elisabethbegijnhof - Papegaai,51.05819,3.71388,Hotel room,109,1,17,2021-10-03,0.40,3,171,4,
26216502,Room in cosy Urban Jungle House,111020849,Hannes,,Binnenstad,51.04065,3.72685,Private room,35,1,96,2021-11-21,2.29,1,163,16,
26314677,Bij het station van Drongen,119242405,Daniel,,Drongen,51.04597,3.65318,Private room,37,1,16,2021-10-31,0.38,2,284,6,
26389827,Luxe BNB Nest Jacuzzi Room (new from 12/7/18),17971943,Eva,,Rabot  - Blaisantvest,51.0641,3.70571,Hotel room,135,1,118,2021-12-07,2.81,3,347,46,
26390559,Luxe BNB Nest Sauna Room (new from 12/7/18),17971943,Eva,,Rabot  - Blaisantvest,51.06415,3.70698,Hotel room,135,1,49,2021-12-11,1.17,3,355,24,
26405920,Stylish loft with large terrace at the water,198554874,Sammy,,Binnenstad,51.05014,3.7234,Entire home/apt,118,2,85,2021-12-12,2.00,3,337,10,
26431428,Zonnige bungalow met natuurlijke tuin,47121690,Liesbet,,Mariakerke,51.07127,3.66807,Entire home/apt,100,2,9,2021-11-01,1.03,1,203,9,
26566901,Water side stay in duplex apartment,13829824,Francis,,Sluizeken - Tolhuis - Ham,51.06966,3.72887,Entire home/apt,120,2,27,2021-09-19,0.64,6,353,8,
26586044,"Trendy, Cosy, Historical Center",9526236,Marc,,Elisabethbegijnhof - Papegaai,51.04945,3.71524,Entire home/apt,80,30,28,2021-12-03,0.68,2,71,7,
26622296,Fran's house 1,75712944,Francine,,Ledeberg,51.03446,3.75427,Private room,35,1,107,2020-09-24,2.53,3,5,0,
26648638,Modern Parkview Apartment. Central!,200328797,Fran,,Rabot  - Blaisantvest,51.06694,3.72218,Entire home/apt,95,1,77,2021-12-19,1.90,1,113,13,
26700588,Mammy's Corner: appartment on the ground floor.,200755820,Katelyne,,Mariakerke,51.07669,3.69047,Entire home/apt,66,2,71,2021-08-28,1.70,1,297,10,
26705092,Stylish fully equipped apartment in Gent,846277,Xavier & Joke,,Stationsbuurt Noord,51.04239,3.71141,Entire home/apt,83,6,57,2021-03-22,1.36,1,0,3,
26712972,Noëlla's Wheelhouse,11037129,Wendy,,Muide - Meulestede - Afrikalaan,51.06419,3.73602,Private room,71,2,102,2021-12-05,2.43,1,141,25,
26746083,Welcome in our beautiful home in Ghent,20229410,Joke,,Sint Amandsberg,51.07317,3.76096,Entire home/apt,199,3,8,2021-08-14,0.19,1,238,2,
26978319,Spacious Duplex + Terrace in Ghent. Top Location!,202961185,Carine,,Binnenstad,51.05528,3.72216,Entire home/apt,236,2,95,2021-12-12,2.32,1,132,21,
26984036,BNB Nest:1 room with Bath  and 1 room with Sauna,17971943,Eva,,Elisabethbegijnhof - Papegaai,51.05671,3.71322,Hotel room,260,1,6,2019-08-04,0.15,3,346,0,
27058440,Cosy and private studio near the heart of Ghent,83820574,Tille,,Sluizeken - Tolhuis - Ham,51.06172,3.73428,Entire home/apt,60,3,129,2021-11-01,3.15,1,33,16,
27278673,Trendy and cosy apt in the heart of Ghent + Terrace!,13913487,Marie-Charlotte,,Elisabethbegijnhof - Papegaai,51.04893,3.71786,Entire home/apt,74,2,173,2021-12-08,4.21,1,280,45,
27367292,Spacious house near city center / free parking,7610729,Thomas,,Sint Amandsberg,51.05703,3.75314,Entire home/apt,208,2,34,2021-12-05,0.83,1,168,7,
27455106,Private place in heart of the city,109991056,Léonard En Mercutio,,Binnenstad,51.05262,3.73096,Entire home/apt,56,1,265,2021-11-06,6.57,4,344,32,
27668988,Fully equiped studio in suburbs near city,17182300,Inke,,Sint Amandsberg,51.05579,3.75416,Entire home/apt,51,2,54,2021-10-12,1.32,1,0,6,
27719749,"Big, conveniently located app. nearby trainstation",98213585,David,,Dampoort,51.05463,3.74359,Entire home/apt,166,2,45,2021-12-19,1.14,3,339,12,
27751174,"House of Edward - 5 star room, great location!",209082761,Caroline,,Binnenstad,51.0582,3.72636,Entire home/apt,112,1,3,2021-08-16,0.08,3,353,2,
27751295,House of Edward - Studio with private patio,209082761,Caroline,,Binnenstad,51.0582,3.72636,Entire home/apt,132,1,12,2021-10-10,0.33,3,353,8,
27751310,House of Edward - Well designed modern studio,209082761,Caroline,,Binnenstad,51.0582,3.72636,Entire home/apt,122,1,7,2021-09-25,0.17,3,360,2,
27830149,Spacious private room in a family-friendly home,23057451,Anne-Sophie,,Sint Amandsberg,51.05952,3.74457,Private room,69,2,99,2021-12-21,2.47,1,88,11,
27894287,JOSIE LOFT GENT,35788202,Gerlinde,,Elisabethbegijnhof - Papegaai,51.05666,3.71474,Entire home/apt,140,2,32,2021-11-05,0.83,2,229,25,
27915686,Room with cosy terrace close to city centre,52994548,Stefan,,Dampoort,51.04889,3.75584,Private room,40,2,90,2021-12-05,2.21,1,51,13,
27975454,"Charming house, garden next to park + 2 bikes",1107302,Karlos,,Sint Amandsberg,51.07312,3.75147,Entire home/apt,74,2,61,2021-12-19,1.52,1,93,20,
28217432,Chez Anna,23634443,Anna,,Binnenstad,51.05398,3.73348,Entire home/apt,100,2,189,2021-11-28,4.71,2,13,11,
28399524,Cosy spacious Penthouse near historical downtown!,57750582,Ruben,,Ledeberg,51.03475,3.73807,Entire home/apt,92,4,10,2020-03-08,0.26,4,0,0,
28424935,Duplex Studio E,1328011,Jan,,Elisabethbegijnhof - Papegaai,51.05021,3.71638,Entire home/apt,83,60,3,2020-03-14,0.10,4,145,0,
28490502,Private Room in Penthouse near Historic Centre,57750582,Ruben,,Ledeberg,51.03628,3.73665,Private room,55,2,10,2019-11-17,0.25,4,0,0,
28600150,Huge place in the city centre,109991056,Léonard En Mercutio,,Binnenstad,51.05321,3.73236,Entire home/apt,74,1,363,2021-12-20,9.22,4,340,119,
28909657,★Bright & Modern app with view in historic center★,217913633,Marjolein,,Binnenstad,51.05191,3.72131,Entire home/apt,137,3,79,2021-11-28,2.07,1,156,12,
29173143,Charming house in a quiet area close to the centre,38483395,Cas,,Bloemekenswijk,51.06741,3.69918,Entire home/apt,96,1,384,2021-12-17,10.29,1,307,113,
29330456,Luxurious duplex flat,220954208,Johanna,,Stationsbuurt Noord,51.03918,3.71102,Entire home/apt,110,4,4,2021-08-12,0.14,2,181,2,
29370078,Master Bedroom in Penthouse near historic centre,57750582,Ruben,,Ledeberg,51.03637,3.73813,Private room,60,2,1,2018-10-22,0.03,4,121,0,
29606833,La bellétage,1203507,Jurgen & Tom,,Macharius - Heirnis,51.05658,3.73799,Entire home/apt,66,2,322,2021-12-12,9.31,2,171,98,
29843315,Stylish condo in 19th century town house,14893942,Sarah,,Elisabethbegijnhof - Papegaai,51.05481,3.71311,Entire home/apt,81,2,46,2021-12-21,1.21,1,172,12,
29871237,Romantic 17th century workers house + free parking,147323902,Rudy,,Elisabethbegijnhof - Papegaai,51.05203,3.71449,Entire home/apt,77,1,140,2021-12-19,3.74,3,304,44,
29919271,Skyline Flats Gent - The perfect spot to discover Gent,224953054,Viktor,,Muide - Meulestede - Afrikalaan,51.05956,3.73836,Entire home/apt,126,1,11,2021-10-16,0.35,2,340,5,
29936489,Private parking & next to bus/tram in Centre Ghent,113153295,Charlotte,,Binnenstad,51.04613,3.73389,Private room,69,1,129,2021-10-08,3.42,1,0,18,
30033166,Spacious and green architect's house,5889470,Géraldine,,Sint Denijs Westrem,51.01701,3.67303,Entire home/apt,110,5,1,2020-01-02,0.04,1,205,0,
30055360,Fran's house 2,75712944,Francine,,Ledeberg,51.03431,3.75282,Private room,40,1,95,2021-03-15,2.83,3,5,1,
30152054,A room with parkview for a solo guest,47388258,F,,Dampoort,51.05071,3.7449,Private room,19,1,223,2021-11-30,6.28,3,25,49,
30217010,"Privékamer in bed & breakfast
 





B&B DOOR10, suite ' EGO' top under the roof!",27590237,Mieke,,Rabot  - Blaisantvest,51.05783,3.70993,Hotel room,170,1,7,2021-11-01,0.21,2,232,4,
30217307,"B&B DOOR10. 'ALTER', om je thuis te voelen!",27590237,Mieke,,Elisabethbegijnhof - Papegaai,51.05677,3.71081,Hotel room,155,1,1,2019-12-29,0.04,2,230,0,
30370768,Studio voorhaven Gent,228019929,Martine,,Wondelgem,51.07686,3.72539,Entire home/apt,90,2,14,2021-11-14,0.39,1,71,4,
30387663,In the heart of the Historic Center!,1416398,Aygül,,Binnenstad,51.055149,3.724175,Entire home/apt,207,1,70,2021-12-18,1.93,1,302,27,
30390976,Spacious house with large garden close to center,49238888,Wouter,,Sint Amandsberg,51.07276,3.75278,Entire home/apt,115,3,7,2020-01-01,0.19,1,0,0,
30454162,Studio op 10 minuten van centrum Gent.,60093232,Mieke,,Bloemekenswijk,51.06737,3.69846,Private room,55,2,46,2020-01-27,1.29,1,0,0,
30464035,Sophie's house WITH CATSITTING,15430806,Sophie,,Oud Gentbrugge,51.04047,3.7467,Entire home/apt,65,4,3,2019-05-11,0.08,1,0,0,
30546378,"Bright, modern app. w. superb terrace & canal view",229193277,Matthias,,Bloemekenswijk,51.06758,3.70907,Entire home/apt,125,2,99,2021-12-09,2.69,1,345,25,
30654297,"'The Jungle' Studio, free Coffeehouse Breakfast",22195789,Thomas,,Elisabethbegijnhof - Papegaai,51.05354,3.71652,Private room,58,1,206,2021-12-05,5.62,4,335,87,
30703224,3 bedroom house with 2 double beds for 4 persons,79973936,Binu,,Binnenstad,51.04601,3.72176,Private room,37,1,18,2020-08-16,0.49,1,51,0,
30731985,Industrial Minimalist Apartment with Terrace,147323902,Rudy,,Elisabethbegijnhof - Papegaai,51.05154,3.71696,Entire home/apt,80,1,306,2021-12-15,8.30,3,298,98,
31071336,A Flemish Tale - Our Bird's Nest,232120143,Caroline,,Binnenstad,51.05143,3.72319,Entire home/apt,92,1,21,2021-12-08,0.85,1,354,18,
31080228,Grote gezinswoning in Gent. Spacious familyhouse.,118466093,Melanie,,Brugse Poort - Rooigem,51.06229,3.70322,Entire home/apt,150,7,2,2019-01-05,0.06,1,0,0,
31081696,"Ghent, 10 minutes walk to the city center",232212401,Oliver,,Dampoort,51.05445,3.74704,Private room,68,1,69,2021-12-05,1.90,1,38,20,
31140289,Sfeervolle flat in hartje Gent met gratis parking,46127163,Anneke,,Elisabethbegijnhof - Papegaai,51.05124,3.71803,Entire home/apt,95,2,1,2019-10-28,0.04,4,0,0,
31271368,Authentic city house with a lovely patio,154480666,Bart,,Macharius - Heirnis,51.04656,3.73924,Entire home/apt,166,2,60,2021-12-21,1.73,1,275,19,
31286883,Stylish Studio 'Suite César' in the heart of Ghent,187300878,Katrijn,,Elisabethbegijnhof - Papegaai,51.05859,3.71826,Entire home/apt,85,2,22,2021-11-02,0.62,1,313,7,
31302882,Skyline flat deluxe appartment,224953054,Viktor,,Muide - Meulestede - Afrikalaan,51.05905,3.73927,Entire home/apt,147,4,3,2021-08-01,0.10,2,360,2,
31336743,Cosy roof attic,32522704,Bart,,Ledeberg,51.03942,3.74554,Private room,45,10,35,2020-03-16,1.01,2,61,0,
31358573,Cosy Green Studio Ghent - Free parking&bikes,36635563,Maël,,Wondelgem,51.07617,3.70909,Entire home/apt,99,1,274,2021-12-23,7.68,2,183,83,
31406655,Casa Mata - City Centre Ghent,142680340,Audrey & Filip,,Macharius - Heirnis,51.05524,3.73754,Entire home/apt,120,2,6,2021-10-31,0.35,1,55,3,
31509691,Spacious quiet room - close to the city centre,9609237,Yana,,Ledeberg,51.03502,3.74037,Private room,48,2,138,2021-12-12,3.92,1,29,28,
31517478,Cosy familyhouse near Ghent-Sint-Pieters Station,59559607,Lies,,Stationsbuurt Noord,51.03236,3.72808,Entire home/apt,78,2,0,,,1,5,0,
31527090,Cosy little house near city center,236258668,Natasha,,Sluizeken - Tolhuis - Ham,51.06026,3.7172,Entire home/apt,55,2,85,2021-12-12,2.75,1,61,21,
31553434,Trendy apartment in the historical center,236499017,Elke,,Elisabethbegijnhof - Papegaai,51.05513,3.71564,Entire home/apt,119,2,129,2021-12-12,3.79,1,320,62,
31557030,Apartment Citadel Gent,61368922,Agnes,,Stationsbuurt Noord,51.03479,3.7157,Entire home/apt,75,2,5,2021-12-12,0.29,2,8,2,
31917332,Cosy and Quiet with Terrace,19906966,Muriel,,Ledeberg,51.03761,3.74434,Entire home/apt,60,2,26,2021-12-10,0.76,1,1,12,
31966965,Casolare Bonifant,63921891,Steven,,Drongen,51.03318,3.67889,Entire home/apt,170,2,22,2021-11-28,0.67,1,71,10,
32037950,n het oude centrum van Gent,4739451,Lieve,,Elisabethbegijnhof - Papegaai,51.05391,3.7177,Entire home/apt,100,5,0,,,2,362,0,
32184650,Lovely apartment at the Opera House,110630447,Kristof,,Binnenstad,51.0506,3.72214,Entire home/apt,93,2,124,2021-12-09,3.57,4,50,26,
32354302,"Central Classy App 4p, free Coffeehouse Breakfast",22195789,Thomas,,Elisabethbegijnhof - Papegaai,51.05344,3.71639,Entire home/apt,104,1,99,2021-12-09,3.07,4,288,55,
32397862,Bright and spacious studio near the city centre,32658248,Helene,,Muide - Meulestede - Afrikalaan,51.08164,3.72825,Entire home/apt,65,2,24,2021-08-29,0.71,1,130,5,
32482427,Private room in elegant villa with garden,114198549,Arianna,,Sint Amandsberg,51.06587,3.7579,Private room,50,1,11,2020-01-26,0.33,1,23,0,
32483372,Ruime en kleurige woning voor interieurliefhebbers,27085623,Jo Katrien,,Dampoort,51.04935,3.75029,Entire home/apt,100,2,0,,,1,51,0,
32534916,"Penthouse with sunny terrace, ideal for expats!",5883895,Annelore,,Dampoort,51.0494,3.74487,Entire home/apt,80,30,8,2019-09-30,0.28,7,236,0,
32607631,"#Lovely,lux Apt,trendy neighborhood(free parking)#",115756285,Bart,,Sluizeken - Tolhuis - Ham,51.06557,3.73161,Entire home/apt,115,2,2,2021-12-12,2,1,197,2,
32624364,Cosy room near the centre of Ghent,222854583,Florent,,Sluizeken - Tolhuis - Ham,51.06295,3.72474,Private room,41,2,101,2021-12-03,2.96,1,153,10,
32665151,privat family home in car-free street,15384096,Charlotte,,Brugse Poort - Rooigem,51.05445,3.69989,Entire home/apt,75,3,5,2021-08-13,0.15,1,0,3,
32695833,Private room in cosy and colourful home #2,45160327,Justine & Lorenz,,Binnenstad,51.03731,3.73383,Private room,43,2,120,2021-12-13,3.50,1,82,27,
32808285,Design Loft near the city of Ghent,246803446,Donald,,Oud Gentbrugge,51.04322,3.75178,Entire home/apt,138,2,66,2021-12-19,1.98,2,346,17,
32890355,b1b: Luxury apartment with terrace in center Ghent,149211444,Jan-Pieter,,Binnenstad,51.05509,3.72598,Entire home/apt,81,1,181,2021-10-31,5.36,3,4,64,
33061263,Nice studio in the center of Ghent.,175099707,Marisa,,Binnenstad,51.05298,3.73351,Entire home/apt,65,1,103,2021-12-12,3.56,1,39,50,
33205272,PATERSHOL top location - Spacious accomodation!,250018142,Philip,,Binnenstad,51.05801,3.72464,Entire home/apt,117,2,71,2021-12-12,2.16,1,336,26,
33207704,Charming renovated house in Gent!,7149920,Jonas,,Ledeberg,51.03201,3.74835,Entire home/apt,47,2,18,2021-08-22,0.56,1,0,5,
33213373,Villa Leona deluxe with amazing rooftop terrace,250069983,Herbert,,Sint Denijs Westrem,51.02969,3.66605,Entire home/apt,175,2,21,2021-11-21,0.72,2,172,10,
33421135,Cosy spacious bright duplex-roof appartment.,72083052,Emilie,,Binnenstad,51.0501,3.72708,Entire home/apt,68,2,163,2021-12-19,4.98,1,127,67,
33628682,Go Exploring From a Family Townhouse in the City Centre,85785507,Edward,,Rabot  - Blaisantvest,51.0589,3.70996,Entire home/apt,155,2,86,2021-12-19,2.74,6,357,25,
33629395,Lux Apt in Historic City Centre of Ghent,85785507,Edward,,Binnenstad,51.05669,3.72279,Entire home/apt,164,2,123,2021-12-12,3.92,6,151,57,
33709398,Gezellig rijhuis vlakbij centrum Gent,219212923,Moira,,Muide - Meulestede - Afrikalaan,51.0715,3.7303,Entire home/apt,60,6,8,2019-09-11,0.26,1,0,0,
33880221,Cozy room for a perfect stay near St Pieters,97573561,Ijlal,,Stationsbuurt Noord,51.04032,3.70837,Private room,25,1,15,2021-07-18,0.46,1,0,2,
33983921,Villa Green Ghent: 2 rooms - 1 to 8 guests (6+2),256604449,Martine,,Drongen,51.047,3.62351,Private room,45,1,11,2021-09-30,0.34,2,180,1,
34176178,A painter's home in Ghent,14033643,Sophie,,Moscou - Vogelhoek,51.02515,3.76015,Private room,45,1,59,2021-12-09,1.82,1,355,8,
34203930,City center restplace,15119292,Janos,,Binnenstad,51.05434,3.73257,Private room,150,1,22,2020-01-18,0.70,1,181,0,
34311781,boho and bright Appa in ghent centre!,11729717,Inge,,Elisabethbegijnhof - Papegaai,51.0515,3.71275,Entire home/apt,136,2,43,2021-12-19,1.34,1,139,33,
34387482,L' atique,1203507,Jurgen & Tom,,Macharius - Heirnis,51.05642,3.73644,Entire home/apt,79,3,70,2021-12-20,4.10,2,114,44,
34669055,stylish 1bedroom apartment 70m2 in town,9278844,Erika,,Sluizeken - Tolhuis - Ham,51.06893,3.73024,Entire home/apt,120,3,0,,,1,0,0,
34680801,GENT - Farmhouse with magnific view & heated pool,25899663,Joke,,Drongen,51.03127,3.58112,Entire home/apt,245,10,1,2021-08-01,0.21,1,356,1,
34766513,Rustig huisje op fietsafstand van Gent,4311500,An,,Sint Amandsberg,51.07686,3.75113,Entire home/apt,90,4,3,2019-08-15,0.10,1,175,0,
34882836,Prachtige penthouse in hartje Gent,133404776,Femke,,Sluizeken - Tolhuis - Ham,51.06841,3.7284,Entire home/apt,185,2,2,2020-02-23,0.07,3,343,0,
34886231,Gezellige Studio in hartje Gent,133404776,Femke,,Sluizeken - Tolhuis - Ham,51.06895,3.72983,Entire home/apt,80,2,0,,,3,348,0,
34935126,Exclusive Penthouse in Ghent,246803446,Donald,,Nieuw Gent - UZ,51.02796,3.73178,Entire home/apt,184,2,38,2021-12-06,1.25,2,335,19,
35076515,Minimalistic House Near Ghent,264225624,Femke,,Mariakerke,51.07711,3.68775,Entire home/apt,122,2,16,2021-11-27,0.53,1,358,7,
35119421,Bright and large apartment near city center,264523768,Glenn,,Stationsbuurt Noord,51.03743,3.70785,Entire home/apt,99,2,23,2021-12-04,0.74,1,2,2,
35131913,private room near sint pieters station,264621573,Ahmed,,Nieuw Gent - UZ,51.02011,3.71528,Private room,27,2,24,2021-11-28,0.78,2,271,8,
35143599,"Maison Etienne, luxurious short stay near Ghent.",250069983,Herbert,,Sint Denijs Westrem,51.0297,3.66659,Entire home/apt,175,2,40,2021-08-29,1.31,2,167,12,
35179322,Rose House B&B - Standard Single Room,264917270,Galeh,,Sint Denijs Westrem,51.01942,3.68886,Private room,75,1,1,2019-08-08,0.03,5,359,0,
35263007,Rose House B&B - Studio,264917270,Galeh,,Sint Denijs Westrem,51.01925,3.69081,Private room,150,1,0,,,5,361,0,
35264383,Rose House B&B - Standard Double Room,264917270,Galeh,,Sint Denijs Westrem,51.02063,3.68985,Private room,130,1,1,2021-10-24,0.49,5,363,1,
35264564,Rose House B&B - Budget Room,264917270,Galeh,,Sint Denijs Westrem,51.01904,3.69068,Private room,110,1,1,2020-07-12,0.06,5,362,0,
35268307,Nice stay in an historic manor near Ghent!,17353704,Isabelle,,Gentbrugge,51.04273,3.76855,Private room,55,1,18,2019-09-08,0.59,1,2,0,
35271633,Spacious apartment nearby city center,32837673,Elise,,Sint Amandsberg,51.06277,3.74889,Entire home/apt,70,2,5,2020-01-05,0.17,1,0,0,
35279903,"Box in a Box (Beam)  -  A rural gift, open it!",242219560,Christoph,,Drongen,51.03928,3.67761,Entire home/apt,190,3,6,2021-05-29,0.20,2,91,1,
35297611,"Box in a Box (Cube) - a rural gift, open it!",242219560,Christoph,,Drongen,51.04004,3.67781,Entire home/apt,90,3,7,2021-12-19,0.24,2,76,2,
35392774,Room near to the city with terrace,44363476,Ann,,Macharius - Heirnis,51.04705,3.74456,Private room,35,1,93,2021-12-02,3.06,1,297,24,
35410696,Prachtig ruim appartement in Gent,75272848,Sabrina,,Rabot  - Blaisantvest,51.06518,3.71124,Entire home/apt,200,2,2,2020-08-09,0.08,1,161,0,
35562009,Cosy room in ECO  VILLA fietsafstand Gent city,6976593,Hilde,,Mariakerke,51.07327,3.69169,Private room,49,2,5,2021-10-03,0.17,2,326,2,
35633932,Spacious house full of light,82259606,Griet,,Muide - Meulestede - Afrikalaan,51.07414,3.73018,Entire home/apt,120,3,6,2019-10-27,0.20,1,357,0,
35645026,"Spacious, quality bedroom in city centre Ghent!",268154207,Sander,,Binnenstad,51.04744,3.72392,Private room,57,2,74,2021-12-12,2.51,1,80,26,
35780860,"Renovated, Perfectly Located 1 Bedroom Apartment",161430995,Miel,,Binnenstad,51.04515,3.72274,Entire home/apt,89,5,24,2021-12-12,0.90,1,124,5,
35785213,"NEW: Book a luxury stay, enjoy the Ghent city life",94795382,Kellee & Tom,,Brugse Poort - Rooigem,51.05505,3.70315,Entire home/apt,149,2,25,2021-11-28,0.84,1,30,13,
35800034,50/60's vintage BelEtage near city Centre of Ghent,88314026,Samir,,Rabot  - Blaisantvest,51.06173,3.70701,Entire home/apt,150,1,4,2019-09-23,0.14,1,180,0,
35940441,Ruime suite in herenhuis met zonnig privé terras,270331939,Christophe,,Elisabethbegijnhof - Papegaai,51.05472,3.71738,Entire home/apt,145,1,1,2020-01-04,0.04,1,326,0,
36126903,Your own 18th century attic in the center of Ghent,53135103,Akira & Aris,,Sluizeken - Tolhuis - Ham,51.0595,3.72082,Entire home/apt,88,1,243,2021-11-11,8.06,3,48,78,
36173740,private room,264621573,Ahmed,,Nieuw Gent - UZ,51.02119,3.71435,Private room,31,2,12,2021-11-23,0.40,2,59,3,
36225818,Separate and private Bed- & Bathroom in city house,25748959,Joachim & Sarah,,Binnenstad,51.03669,3.73246,Private room,53,2,45,2021-12-05,1.51,1,72,20,
36229418,Cosy house in the center of Gent,272490259,Stefaan,,Sluizeken - Tolhuis - Ham,51.06081,3.71614,Entire home/apt,75,2,91,2021-11-17,3.02,1,89,38,
36285608,The Blue Room,272913310,Ayesha,,Brugse Poort - Rooigem,51.0625,3.69933,Private room,28,3,19,2021-12-17,0.63,5,344,5,
36291731,"studio medieval city center at river ""de Leie""",272946154,Guido,,Binnenstad,51.05245,3.72109,Entire home/apt,80,1,95,2021-10-03,3.22,1,198,27,
36410307,Edville Studio Duplex A303 (2p-4p),414263,Edward En Daphne,,Elisabethbegijnhof - Papegaai,51.05434,3.71742,Entire home/apt,92,2,4,2020-02-23,0.16,10,23,0,
36437683,The Green Room,272913310,Ayesha,,Brugse Poort - Rooigem,51.06417,3.69895,Private room,31,3,32,2021-12-20,1.98,5,357,24,
36481298,Rustig gelegen in het bruisende centrum van Gent!,208428872,An,,Elisabethbegijnhof - Papegaai,51.05028,3.71569,Entire home/apt,98,1,11,2020-08-07,0.37,1,81,0,
36503556,Visiting Gent! save money! many options to enjoy!,274438998,Moutasem,,Stationsbuurt Noord,51.03468,3.72691,Shared room,25,1,13,2020-07-21,0.48,1,266,0,
36516126,ROOF TOP STUDIO MET ZICHT OP DE DRIE TORENS,1864346,Rebecca,,Sluizeken - Tolhuis - Ham,51.06449,3.72655,Entire home/apt,96,6,12,2021-12-12,0.43,1,304,5,
36585025,Newly Renovated Cosy Apartment in City Center,105326422,Matthias,,Binnenstad,51.05812,3.7206,Entire home/apt,159,2,60,2021-12-05,2.03,3,77,33,
36592536,Deluxe Double/Twin Room in the city centre,275037604,Iman,,Elisabethbegijnhof - Papegaai,51.05434,3.71742,Hotel room,65,1,47,2021-12-10,1.74,1,158,36,
36679101,sunny townhouse in Gent,10165213,Tom,,Watersportbaan - Ekkergem,51.04998,3.70803,Private room,79,1,32,2021-10-24,1.10,1,91,12,
36690478,gerenoveerd appartement centrum Gent,122532371,Ines,,Binnenstad,51.04565,3.73088,Entire home/apt,95,2,23,2021-09-12,0.79,1,175,7,
36716346,Casa Gante 9000 with garden and covered terrace!,9479589,Frederik,,Binnenstad,51.03792,3.73216,Entire home/apt,98,2,40,2021-12-11,1.35,1,122,16,
36796184,Cosy and spacious bedroom Ghent,137437696,Afef,,Ledeberg,51.03759,3.74509,Private room,39,1,26,2019-08-26,0.88,2,0,0,
36830912,"Big & artistic, cool garden, close 2 center Ghent",20799688,Sarah,,Brugse Poort - Rooigem,51.06604,3.69884,Entire home/apt,69,2,20,2021-11-07,0.83,1,0,14,
36837738,"cosy, bright & spacious room for 1 or 2",274550012,Inge,,Moscou - Vogelhoek,51.02474,3.75562,Private room,39,2,17,2021-04-12,0.58,1,0,1,
36873204,"Luxurious sunny apartment, ideal for expats!",5883895,Annelore,,Macharius - Heirnis,51.04934,3.74413,Entire home/apt,100,30,0,,,7,117,0,
36900492,Modern and comfortable apartment,75715085,Lien,,Ledeberg,51.02777,3.74732,Entire home/apt,90,2,3,2019-08-31,0.10,1,266,0,
36902220,Modern apartment close to Flanders Expo,218641024,Roger,,Sint Denijs Westrem,51.02963,3.69137,Entire home/apt,83,3,33,2021-10-10,1.19,1,345,21,
36992778,"Appartement, centrum, uitzicht op Belfort+parking!",278123871,Trees,,Binnenstad,51.05602,3.72788,Entire home/apt,160,2,9,2020-02-17,0.33,1,48,0,
36998317,Big and beautiful house at Citadelpark,277634214,Angela,,Stationsbuurt Noord,51.04095,3.71903,Entire home/apt,183,2,44,2021-12-15,1.57,1,111,25,
37078301,Loft boat 'The Panter' in the ancient harbour,98220970,Nicolas,,Muide - Meulestede - Afrikalaan,51.0746,3.72876,Entire home/apt,111,2,32,2021-12-17,1.13,1,29,24,
37172815,"studio met dubbel bed, kitchenette, privé badkamer",277207975,Viki,,Dampoort,51.04796,3.74933,Entire home/apt,62,1,58,2021-12-19,2.00,1,252,27,
37243655,Classy Apartment in City Center with Large Balcony,280394189,Jan,,Binnenstad,51.0483,3.73296,Entire home/apt,200,2,47,2021-11-21,1.67,1,349,22,
37415198,Modern Studio with Whirlpool at Ghent Centrum,2518072,Dwight,,Elisabethbegijnhof - Papegaai,51.05564,3.71106,Private room,104,2,45,2021-12-12,1.58,1,354,19,
37435966,"Large clean room, quiet area, 4 km to city centre",274154183,Ilse,,Sint Amandsberg,51.07291,3.75601,Private room,30,2,55,2021-10-20,1.90,1,31,11,
37513843,"B&B Halewijn, fietsenverhuur, boottocht.",98312323,B&B Halewijn,,Drongen,51.05261,3.6186,Hotel room,315,1,1,2019-08-15,0.03,1,332,0,
37619980,Apartment in between Old Centre & Marina of Ghent,284220349,Ellen,,Binnenstad,51.05373,3.73126,Entire home/apt,100,2,70,2021-12-12,2.47,1,309,21,
37846290,Junior Suite Apartment 4P Lord of Ghent,46082978,Vic,,Binnenstad,51.05289,3.72486,Entire home/apt,289,1,1,2019-10-07,0.04,2,349,0,
37896338,Cico's House,265191691,Cihangir,,Sluizeken - Tolhuis - Ham,51.06783,3.72909,Private room,75,2,2,2020-01-02,0.08,1,361,0,
37984398,Fran's house 3,75712944,Francine,,Oud Gentbrugge,51.03648,3.75353,Private room,50,1,11,2020-01-12,0.40,3,5,0,
38159218,Romantic apartment with garden at the waterfront,40219819,Johan,,Sluizeken - Tolhuis - Ham,51.0596,3.71868,Entire home/apt,99,2,10,2021-09-12,2.07,2,0,10,
38235431,Night in the castle,4053159,Jesse,,Brugse Poort - Rooigem,51.06256,3.68994,Private room,50,2,0,,,1,346,0,
38251780,LucMoon BnB Ledeberg,193703180,Luc,,Ledeberg,51.03621,3.74437,Private room,100,30,18,2021-05-15,0.64,4,326,1,
38258643,Stylish Rooftop Apartment with Fireplace,176739172,Simon,,Elisabethbegijnhof - Papegaai,51.05693,3.71367,Entire home/apt,63,1,180,2021-12-21,6.52,1,164,76,
38289776,LucMoon BnB Ledeberg 4,193703180,Luc,,Ledeberg,51.03556,3.74317,Private room,100,30,1,2019-11-03,0.04,4,326,0,
38319358,LucMoon BnB Ledeberg 1,193703180,Luc,,Ledeberg,51.03543,3.74406,Private room,100,30,1,2019-11-03,0.04,4,326,0,
38320217,LucMoon BnB Ledeberg 3,193703180,Luc,,Ledeberg,51.03537,3.7444,Private room,60,30,1,2019-11-24,0.04,4,326,0,
38344954,Master Bedroom in Ghent (8 min. from center),184247171,Nadine,,Sluizeken - Tolhuis - Ham,51.06986,3.7299,Private room,50,2,49,2021-12-12,1.95,2,67,26,
38345272,Cozy Bedroom in Ghent (8 min. from center),184247171,Nadine,,Sluizeken - Tolhuis - Ham,51.06849,3.72923,Private room,50,2,55,2021-12-12,2.19,2,67,24,
38370579,Foulka huisje met tuin en gratis fietsen,44027581,Christoffel,,Mariakerke,51.07684,3.68325,Entire home/apt,70,2,11,2021-11-14,0.42,1,178,4,
38506115,Ghent - the place to be The Cactus Room 2pax,272913310,Ayesha,,Brugse Poort - Rooigem,51.06351,3.69898,Private room,61,2,3,2020-02-17,0.11,5,266,0,
38515687,"Bright room in Art-deco House, Top location",32505070,Agnör,,Binnenstad,51.05661,3.72777,Private room,111,1,52,2021-11-28,1.89,2,270,12,
38516966,"Spacious room in Art-deco House, Top Location",32505070,Agnör,,Binnenstad,51.05627,3.72933,Private room,120,1,62,2021-12-03,2.25,2,364,21,
38539182,b3b: Big luxury apartment in the City Center,149211444,Jan-Pieter,,Sluizeken - Tolhuis - Ham,51.06713,3.72812,Entire home/apt,84,1,155,2021-12-08,5.64,3,31,66,
38611254,Artist Loft,83766425,Erik,,Elisabethbegijnhof - Papegaai,51.04787,3.71877,Entire home/apt,120,2,0,,,2,175,0,
38658437,"The Hamptons Boutique B&B, the hidden gem in Ghent.",292144823,Karl,,Elisabethbegijnhof - Papegaai,51.05354,3.71642,Private room,129,1,1,2020-09-05,0.06,3,330,0,
38658998,"23 m2 room with fancy bath tub/shower, king size bed and street view",292144823,Karl,,Elisabethbegijnhof - Papegaai,51.05495,3.71716,Private room,139,1,14,2021-10-09,0.58,3,336,9,
38659038,Room 25 m2 with King Size bed and garden view.,292144823,Karl,,Elisabethbegijnhof - Papegaai,51.05372,3.7182,Hotel room,131,1,3,2021-11-13,0.18,3,338,2,
38779697,The Future House 2.0 Apartment 101,3438311,Andre,,Wondelgem,51.09374,3.7173,Entire home/apt,100,4,8,2021-09-09,0.33,3,149,3,
38813297,"M/S Carpe-Diem ""Cargo Hold"" - Loft on a Barge",49858029,Filip,,Muide - Meulestede - Afrikalaan,51.06295,3.73793,Entire home/apt,100,4,14,2021-11-14,0.57,2,2,4,
38859052,Stay aboard our 1914 Dutch Klipperaak,217169759,Nats,,Elisabethbegijnhof - Papegaai,51.04907,3.71919,Private room,95,2,14,2021-08-15,0.52,1,16,1,
38922991,Vrijdagmarkt Apartment (entire place),14474574,Tais,,Binnenstad,51.05734,3.72708,Entire home/apt,400,3,2,2021-11-01,0.90,1,0,2,
38928268,Cosy family house with garden near Ghent,94384255,Nele,,Wondelgem,51.09351,3.70873,Entire home/apt,161,2,10,2021-11-02,0.38,1,41,4,
39009837,Cozy room with bikes,48163857,Anouchka,,Watersportbaan - Ekkergem,51.04977,3.70692,Private room,47,1,63,2021-12-11,2.55,1,1,40,
39055847,The Green Room,299333776,Antoa,,Dampoort,51.05559,3.74514,Private room,38,2,13,2020-10-01,0.48,5,113,0,
39056583,The Yellow Room,299333776,Antoa,,Dampoort,51.05521,3.74397,Private room,38,2,7,2020-03-09,0.26,5,113,0,
39057016,The Flower room,299333776,Antoa,,Dampoort,51.05392,3.74473,Private room,30,2,8,2020-09-05,0.30,5,113,0,
39125548,Duplex Apt in City Centre with Terrace,85785507,Edward,,Binnenstad,51.05605,3.72288,Entire home/apt,155,2,61,2021-12-12,2.34,6,229,37,
39246781,Karaktervol huisje bij Sint-Baafs.,301273084,Sabine,,Binnenstad,51.05323,3.72817,Private room,75,2,11,2021-08-01,0.42,1,51,1,
39286787,Cosy Clockhouse Studio Ideal to Visit Gent,85785507,Edward,,Binnenstad,51.05648,3.72284,Entire home/apt,115,2,44,2021-12-14,1.69,6,169,26,
39305216,Shelter 7 - your hideout for Oikofilia,86368262,Vincent,,Binnenstad,51.05181,3.72441,Entire home/apt,214,1,67,2021-12-20,2.53,6,337,39,
39408106,Mooi appartement te Gent,154673849,Samia,,Ledeberg,51.03625,3.73544,Entire home/apt,175,6,0,,,2,0,0,
39495089,Studio Black Cat — Ghent downtown,60649412,Pieter,,Binnenstad,51.04242,3.73772,Entire home/apt,65,2,41,2021-09-20,1.56,1,71,6,
39550902,The Future House 2.0 Apartment 201,3438311,Andre,,Wondelgem,51.09187,3.71578,Entire home/apt,100,4,5,2021-11-15,0.30,3,179,4,
39581213,Private modern room/double-bed/Ghent city center,77653976,Laurens,,Brugse Poort - Rooigem,51.05593,3.69804,Private room,56,1,53,2021-12-12,2.17,1,0,3,
39600517,House in landscaped park and 10th century  canal,3438311,Andre,,Wondelgem,51.09292,3.71548,Entire home/apt,101,4,12,2021-12-06,0.97,3,173,11,
39624011,The Big Room,299333776,Antoa,,Dampoort,51.05472,3.74339,Private room,38,2,4,2020-03-16,0.16,5,113,0,
39624584,The Grey/Rose Room,299333776,Antoa,,Dampoort,51.05398,3.74502,Private room,37,2,3,2020-02-22,0.12,5,113,0,
39685804,"The ""Upside"" Loft",33266711,Loïc,,Rabot  - Blaisantvest,51.0664,3.72488,Entire home/apt,80,6,1,2020-02-11,0.04,1,0,0,
39719175,"XLSR, lightfull garden apartment, perfect location",305266899,Alexander,,Binnenstad,51.05652,3.73176,Entire home/apt,119,2,59,2021-12-12,2.26,1,243,33,
39768485,Student room in the city center of Ghent,179012588,Yilka,,Elisabethbegijnhof - Papegaai,51.05158,3.714,Private room,24,2,14,2021-09-03,0.55,1,26,5,
39787793,Private room in a house near Sint-Pieters station,28867619,Sos,,Stationsbuurt Noord,51.0421,3.70944,Private room,50,1,9,2021-11-14,0.35,1,235,3,
39879912,Art-deco townhouse with city garden and rooftop,4434842,Simon & Robin,,Stationsbuurt Noord,51.03932,3.70661,Entire home/apt,230,5,0,,,2,22,0,
39909772,Spacious house with garden,7852111,Abe,,Sint Amandsberg,51.07476,3.7602,Entire home/apt,165,3,8,2021-11-07,0.33,1,7,5,
40025072,Rustige kamer tussen een natuurreservaat en Gent.,31096176,Mieke,,Brugse Poort - Rooigem,51.06517,3.69257,Private room,32,1,29,2021-12-03,1.22,1,39,11,
40276297,Private room in cosy home - quiet dead-end street,9388525,Jana,,Brugse Poort - Rooigem,51.06371,3.69934,Private room,50,3,5,2021-11-18,0.20,1,90,4,
40399085,Sweet romantic room in a big beautiful house ♥️,12489130,Inbar,,Mariakerke,51.07171,3.68241,Private room,29,1,104,2021-11-28,4.13,1,134,51,
40463672,Quartier Leonard II - Michelangelo Suite,109991056,Léonard En Mercutio,,Binnenstad,51.05652,3.73188,Private room,57,1,7,2021-08-01,0.28,4,350,2,
40531077,Urban Loft | A unique spot to start your discovery,26460794,Anissa,,Dampoort,51.05632,3.73992,Entire home/apt,79,2,22,2021-11-28,1.33,2,175,19,
40586271,b3a: Luxury apartment with terrace in city center,149211444,Jan-Pieter,,Binnenstad,51.05489,3.72725,Entire home/apt,84,1,173,2021-12-09,7.00,3,17,97,
40663747,Spacious first floor house with homely feeling,87717504,Jo,,Gentbrugge,51.03018,3.77079,Entire home/apt,90,3,3,2020-01-18,0.12,1,82,0,
40666799,Kamer met terras in ruim en lichtrijk appartement,3582929,Maggy,,Watersportbaan - Ekkergem,51.05474,3.70689,Private room,104,1,1,2019-12-24,0.04,1,82,0,
40865827,Bright studio close to the city center,49952367,Ine,,Dampoort,51.05552,3.74186,Entire home/apt,58,2,30,2021-11-30,1.24,1,65,14,
40935739,Eco-guesthouse in the historic center of Ghent,318935925,Yves,,Elisabethbegijnhof - Papegaai,51.05321,3.71949,Private room,65,1,46,2021-11-27,1.89,2,141,28,
40963340,Eco-guesthouse in historisch centrum Gent (C),318935925,Yves,,Binnenstad,51.05261,3.72104,Private room,65,1,36,2021-11-28,1.60,2,141,35,
40979581,"New duplex in center of Gent, ideal for expats!",5883895,Annelore,,Watersportbaan - Ekkergem,51.05328,3.70576,Entire home/apt,71,2,15,2021-08-28,1.24,7,145,15,
41154136,Ground floor apartment with terrace,322361252,Joseph,,Binnenstad,51.05551,3.72955,Entire home/apt,104,3,16,2021-12-16,0.70,1,117,11,
41172243,Spacious bedroom in the green region of Ghent,66616222,Louise,,Drongen,51.04743,3.62808,Private room,53,1,4,2020-03-16,0.17,1,0,0,
41206964,Cosy room in the green neighbourhood of Gent,167814774,Priyanka,,Mariakerke,51.082,3.68511,Private room,45,1,6,2021-08-26,0.25,1,51,2,
41210475,Evelyn's Corner,323376249,Nicole,,Binnenstad,51.05434,3.72286,Entire home/apt,220,1,0,,,1,31,0,
41279609,Studio in my cozy  house nearby city center,153592834,Saar,,Macharius - Heirnis,51.04767,3.74234,Private room,50,2,6,2021-11-02,0.25,2,0,2,
41358154,"Green, spacious and bright appt in centre of Ghent",325143059,Brecht,,Brugse Poort - Rooigem,51.05862,3.70521,Entire home/apt,115,2,15,2021-08-06,0.88,1,105,11,
41358375,Sporthostel KRCG Gent,23299904,Simon,,Watersportbaan - Ekkergem,51.04689,3.70369,Shared room,20,2,6,2021-11-05,0.25,1,338,3,
41429865,Leuke stijlvolle kamer met privé badkamer,325923934,Koen,,Stationsbuurt Noord,51.03835,3.71231,Private room,57,2,13,2021-09-30,0.66,1,192,3,
41533435,Kleine studio 15min te voet naar stad,139715560,Erick,,Gentbrugge,51.03996,3.76818,Entire home/apt,35,1,3,2020-03-07,0.13,1,178,0,
41579709,MaisonN is een luxe accommodatie op een TOPlocatie,327673846,Nathalie,,Binnenstad,51.05112,3.7211,Entire home/apt,218,2,23,2021-11-13,1.05,1,76,15,
41762765,The Blue Room,272913310,Ayesha,,Brugse Poort - Rooigem,51.06211,3.69978,Private room,26,3,4,2021-11-14,0.26,5,237,2,
41851198,Ruime kamer (40m2),58086147,Kurt,,Sluizeken - Tolhuis - Ham,51.06252,3.72403,Entire home/apt,80,2,37,2021-12-20,1.60,1,25,28,
41859450,New hotspot in Gent centre!!!,123920724,Bernard,,Binnenstad,51.05766,3.73094,Entire home/apt,116,2,12,2021-12-18,0.53,1,53,7,
41900526,Gezellig woonhuis in Gent,331332549,Claire,,Sint Denijs Westrem,51.01804,3.66296,Entire home/apt,80,2,0,,,1,6,0,
41921149,JunoBoat floating  accommodation on the water,193583328,Elien,,Binnenstad,51.03807,3.7309,Entire home/apt,300,2,22,2021-12-19,1.28,1,279,19,
41927500,Imagine! Sleeping in the centre of Medieval Ghent,8334528,Evelien,,Elisabethbegijnhof - Papegaai,51.05646,3.71866,Entire home/apt,127,2,101,2021-12-21,4.52,1,188,65,
42013763,Be our next Guest in Ghent,332890513,Dieter,,Wondelgem,51.08709,3.68964,Private room,75,1,5,2021-11-14,2.78,1,91,5,
42137632,Grote Slaapzaal,302575819,Treck,,Elisabethbegijnhof - Papegaai,51.05409,3.71842,Private room,22,1,3,2021-10-24,0.14,12,0,1,
42137651,Treck Hostel - Mixed dorm small,302575819,Treck,,Elisabethbegijnhof - Papegaai,51.0554,3.71822,Private room,22,1,9,2021-08-01,0.40,12,122,5,
42137793,Mini caravan,302575819,Treck,,Elisabethbegijnhof - Papegaai,51.05373,3.71634,Private room,64,1,10,2021-12-07,0.46,12,231,7,
42137828,Up caravan,302575819,Treck,,Elisabethbegijnhof - Papegaai,51.05363,3.71781,Private room,90,1,7,2021-08-24,0.41,12,232,4,
42137858,Biky caravan,302575819,Treck,,Elisabethbegijnhof - Papegaai,51.05476,3.71843,Private room,107,1,0,,,12,240,0,
42137884,Hawaii caravan,302575819,Treck,,Elisabethbegijnhof - Papegaai,51.05395,3.71693,Private room,73,1,1,2021-09-04,0.27,12,221,1,
42137927,Retro caravan,302575819,Treck,,Elisabethbegijnhof - Papegaai,51.05336,3.71658,Private room,73,1,3,2021-12-01,0.17,12,228,2,
42138387,Birdsnest,302575819,Treck,,Elisabethbegijnhof - Papegaai,51.05356,3.71666,Private room,73,1,1,2021-08-26,0.25,12,237,1,
42138457,Zen caravan,302575819,Treck,,Elisabethbegijnhof - Papegaai,51.05377,3.71813,Private room,107,1,1,2021-05-30,0.14,12,233,1,
42138495,Beach caravan,302575819,Treck,,Elisabethbegijnhof - Papegaai,51.05473,3.71633,Private room,107,1,0,,,12,232,0,
42138512,Betty caravan,302575819,Treck,,Elisabethbegijnhof - Papegaai,51.05518,3.71679,Private room,107,1,0,,,12,234,0,
42138545,Jungle room,302575819,Treck,,Elisabethbegijnhof - Papegaai,51.05342,3.71831,Private room,118,1,5,2021-10-28,0.28,12,234,4,
42151009,Nieuwe garden house met zicht op het bos.,334471431,Frederik,,Drongen,51.06761,3.63401,Entire home/apt,66,2,37,2021-12-12,1.64,1,62,20,
42250777,bohemian room in spacious flat with cat,15610277,Julie,,Binnenstad,51.04551,3.73728,Private room,61,2,24,2021-11-14,3.16,1,26,24,
42333093,Trendy Apartment as Base to Discover Belgium,85785507,Edward,,Zwijnaarde,50.99966,3.70997,Entire home/apt,109,2,49,2021-12-03,2.28,6,349,40,
42487001,Your home away from home - Gent,7798727,Anelda,,Rabot  - Blaisantvest,51.06555,3.709,Entire home/apt,105,2,10,2021-11-28,0.57,2,23,9,
42531682,"Heaven@11, a jewel among other historic buildings!",7258638,Ina Karina & Patrick,,Binnenstad,51.05764,3.72266,Entire home/apt,150,3,3,2021-11-15,0.17,3,17,2,
42651793,Citadel room with balcony,75068003,Jacobus,,Stationsbuurt Noord,51.0384,3.7249,Private room,60,2,1,2020-07-25,0.06,1,0,0,
42823236,★ Lovely stylish penthouse  w A/C near centre ★,341071889,Kit Teng,,Macharius - Heirnis,51.05159,3.73868,Entire home/apt,104,2,19,2021-11-28,1.09,3,307,10,
42824809,Cozy stay in the Historic centre of Ghent,28517059,Astrid & Gilles,,Binnenstad,51.05643,3.72302,Entire home/apt,100,1,146,2021-12-23,9.34,3,338,130,
42825215,Beautiful 2-bedroom apartment i.t. centre of Ghent,28517059,Astrid & Gilles,,Binnenstad,51.05638,3.72307,Entire home/apt,144,1,93,2021-12-22,5.99,3,339,86,
42826387,Studio Lupo - sleep on the water,5104497,Vicky,,Sluizeken - Tolhuis - Ham,51.06426,3.73519,Entire home/apt,81,2,69,2021-12-19,3.70,1,84,44,
42834673,"Huis met privé kamer, gedeelde badkamer & keuken",5864796,Nelson,,Sint Amandsberg,51.05873,3.74646,Private room,60,2,0,,,1,358,0,
42861972,Gezellig appartement met uitzicht op het water,77901667,Simon,,Macharius - Heirnis,51.05613,3.73382,Entire home/apt,125,2,0,,,1,365,0,
42890858,Spacious renovated bungalow near Ghent,341524082,Joséphine,,Drongen,51.04822,3.64484,Entire home/apt,85,3,5,2021-11-21,0.29,1,0,4,
42971454,A beautiful & Cosy apartment - feels like home,268809485,Annick,,Elisabethbegijnhof - Papegaai,51.05014,3.7146,Entire home/apt,100,4,9,2021-06-27,0.52,1,219,5,
43044239,Stay in the Historic Centre of Ghent,342634917,Hans Joseph,,Elisabethbegijnhof - Papegaai,51.04982,3.71777,Entire home/apt,80,2,110,2021-12-12,6.13,1,344,58,
43056671,Privé slaapkamer met bad in Gent,34302087,Def,,Wondelgem,51.07802,3.72349,Private room,45,1,0,,,1,52,0,
43152461,Villa Brutalisma* Famed Architect! Nature @t Gent,5077877,Frauke,,Sint Amandsberg,51.06445,3.77797,Entire home/apt,280,4,2,2021-08-08,0.39,2,74,2,
43184479,★Architectural & Design app w terrace/city center★,343854593,Thomas,,Binnenstad,51.05115,3.7274,Entire home/apt,205,2,0,,,1,22,0,
43218716,Spacious studio near Ghent,46210588,Marlies,,Gentbrugge,51.03653,3.76049,Private room,45,1,4,2020-07-29,0.22,1,4,0,
43235666,"Room n°3
A characteristic suite with wooden floors and high ceilings.",9627775,Maison MIELOU,,Elisabethbegijnhof - Papegaai,51.05468,3.71702,Private room,140,1,0,,,4,346,0,
43253275,Whole Apartment 3 mins. from Central Train Station,344424312,Ana,,Stationsbuurt Noord,51.03771,3.71499,Entire home/apt,209,1,11,2021-11-28,0.59,4,86,9,
43272537,Cozy 2 bedroom  3 mins. from Central Train Station,344424312,Ana,,Stationsbuurt Noord,51.03813,3.71281,Private room,70,1,7,2020-10-15,0.36,4,81,0,
43282259,[NEW] Bedroom 3 mins. from Central Train Station/,344424312,Ana,,Stationsbuurt Noord,51.03817,3.71314,Private room,66,1,31,2021-11-24,1.59,4,86,8,
43298266,Spacious loft with terrace close to the citycenter,77133448,Zita,,Brugse Poort - Rooigem,51.06536,3.69749,Entire home/apt,73,1,9,2021-11-22,2.45,1,17,9,
43320889,Vintage caravannetje in ecologische tuin te Gent.,92023195,Leen,,Drongen,51.05746,3.65242,Private room,47,1,30,2021-09-20,1.59,1,23,19,
43324990,Sleeping on a boat - Ecohostel,345026150,Liselot,,Rabot  - Blaisantvest,51.0608,3.70532,Entire home/apt,390,2,15,2021-12-05,0.84,1,183,12,
43423300,Studio 22m2 -close to nature-10min bike citycenter,62427525,Anna,,Gentbrugge,51.04852,3.7655,Entire home/apt,35,5,3,2021-09-20,0.51,3,181,3,
43458159,spacious loft in the quiet outskirts of Ghent,268842235,Thijs,,Bloemekenswijk,51.07634,3.7068,Entire home/apt,74,1,128,2021-12-21,7.27,1,313,108,
43484819,Spacious appartment close to city center,23245927,Annelien,,Sint Amandsberg,51.05997,3.74495,Private room,56,1,0,,,1,3,0,
43521263,Camping with your own tent in a private wood,256604449,Martine,,Drongen,51.04724,3.62162,Private room,25,1,1,2021-05-14,0.13,2,141,1,
43523807,The Green Attic Ghent - free parking&bikes,36635563,Maël,,Bloemekenswijk,51.07576,3.70995,Entire home/apt,94,1,312,2021-12-22,16.51,2,273,201,
43525279,Modern en licht appartement aan Gentse stadsrand.,4993073,Klaar,,Oud Gentbrugge,51.04195,3.74149,Entire home/apt,109,2,15,2021-08-29,0.86,1,0,10,
43535570,Unique experience - spacious boathouse near center,12546310,Lies,,Muide - Meulestede - Afrikalaan,51.0599,3.73784,Entire home/apt,109,2,72,2021-12-18,4.08,1,41,44,
43633708,Luxury Coach House -3 rooms- Romantic City Garden,298538968,Alix,,Stationsbuurt Noord,51.03794,3.71634,Entire home/apt,564,1,1,2021-09-19,0.31,4,351,1,
43662489,Ruime bovenverdieping vlakbij centrum van Gent.,64625122,Bram,,Ledeberg,51.03172,3.74682,Private room,75,1,10,2021-12-12,3.61,1,84,10,
43665301,Contemporary family home with garden,12757794,Sofie,,Nieuw Gent - UZ,51.02688,3.73229,Entire home/apt,80,2,7,2020-12-31,0.41,1,2,1,
43690678,De mooiste zolder van Gent,348887597,Ludo,,Binnenstad,51.05037,3.73181,Private room,65,2,38,2021-10-10,2.11,1,160,25,
43721397,The city: Very clean Flat in the center of Gent,11622498,Anja,,Elisabethbegijnhof - Papegaai,51.049,3.71591,Entire home/apt,100,2,0,,,1,334,0,
43781673,Design waterfront apartment in central Ghent,22956043,Sybil,,Macharius - Heirnis,51.04355,3.74008,Private room,89,3,4,2021-10-04,0.89,1,141,4,
43784261,"Zonnig en ruim appartement in hartje Gent, 4slk",71741518,Nathalie,,Binnenstad,51.04694,3.73321,Entire home/apt,189,3,7,2021-08-09,0.40,1,0,3,
43845854,Cozy private double room in Ghent,65010824,Candy,,Brugse Poort - Rooigem,51.05672,3.69472,Private room,50,1,2,2020-08-06,0.11,1,31,0,
43846706,Gezellig gerenoveerd huisje in Gentbrugge,1801936,Gwen,,Oud Gentbrugge,51.04366,3.75345,Entire home/apt,65,1,8,2021-09-12,1.37,1,201,8,
43852398,★Lovely bright apartment (4p) w A/C near centre★,341071889,Kit Teng,,Macharius - Heirnis,51.0524,3.73802,Entire home/apt,127,2,22,2021-12-20,1.26,3,330,16,
43865396,"Heaven@11, your holiday house in Gent city center.",7258638,Ina Karina & Patrick,,Binnenstad,51.05764,3.72266,Entire home/apt,315,2,0,,,3,362,0,
43925228,"Gent, een kleine maar charmante vakantiewoning",27785737,Griet,,Stationsbuurt Noord,51.03426,3.72181,Entire home/apt,80,2,1,2021-05-16,0.13,2,191,1,
44023053,Luxueus appartement nabij St Pietersstation,220954208,Johanna,,Stationsbuurt Noord,51.03951,3.71134,Entire home/apt,200,30,0,,,2,173,0,
44026547,ZIE-me's Place centre Ghent,102620459,Martine,,Binnenstad,51.05023,3.72104,Entire home/apt,96,1,51,2021-12-21,2.88,1,327,39,
44028770,Comfortable duplex studio,6862902,Leen,,Dampoort,51.04978,3.74583,Private room,75,1,10,2021-08-20,0.57,1,237,6,
44073161,Bright and spacious apartment in center of Ghent,271837516,Kim,,Sluizeken - Tolhuis - Ham,51.06392,3.72563,Entire home/apt,65,2,0,,,1,172,0,
44080279,Charming apartment with nice private courtyard,39954351,Carl,,Binnenstad,51.05736,3.72123,Entire home/apt,127,2,36,2021-12-07,2.08,1,5,30,
44107846,Spacious studio in historic centre Gent,120203973,Hans,,Elisabethbegijnhof - Papegaai,51.04961,3.71691,Entire home/apt,101,2,97,2021-12-12,5.45,3,353,53,
44180302,★Lovely gorgeous duplex  w A/C near centre★,341071889,Kit Teng,,Macharius - Heirnis,51.0517,3.73714,Entire home/apt,231,2,13,2021-11-07,1.88,3,298,13,
44190409,Modern and luxurious house with free parking,25854637,Joris,,Oud Gentbrugge,51.04177,3.75377,Entire home/apt,149,2,1,2021-08-14,0.23,1,0,1,
44208761,Mini loft with maxi view,45505357,Saartje,,Elisabethbegijnhof - Papegaai,51.0561,3.70987,Entire home/apt,80,2,12,2021-04-14,0.74,1,266,7,
44219396,"Quiet modern appartment, close to Ghent",128731970,Sarah,,Oostakker,51.09389,3.75798,Entire home/apt,70,3,4,2021-12-01,0.28,1,0,3,
44303507,"Ruime woning met dakterras, nabij Centrum",80419232,Ine,,Sluizeken - Tolhuis - Ham,51.05713,3.73506,Entire home/apt,161,1,67,2021-11-27,3.90,1,150,55,
44312461,Apartment for rent in Ghent,154673849,Samia,,Ledeberg,51.03667,3.73796,Entire home/apt,190,2,0,,,2,0,0,
44397602,Casa leithstraat,8049849,Céline,,Muide - Meulestede - Afrikalaan,51.07926,3.72958,Private room,36,1,32,2021-12-06,2.11,1,357,31,
44401437,Cosy room in apartment near centre of Ghent,112840710,Halinka,,Dampoort,51.05671,3.74151,Private room,49,2,11,2021-12-06,0.68,1,150,9,
44402538,moderne woning niet ver van het centrum,125572769,Marleen,,Ledeberg,51.03591,3.74598,Private room,35,2,7,2021-08-31,0.41,2,1,2,
44426709,"Business or travel studio,  central quiet location",8604293,Maaike,,Elisabethbegijnhof - Papegaai,51.04949,3.71885,Entire home/apt,65,14,2,2021-08-21,0.41,2,122,2,
44440059,Oude jeneverbrouwerij van 1740,337719699,Stefanie,,Elisabethbegijnhof - Papegaai,51.05602,3.71414,Entire home/apt,285,2,2,2021-11-21,0.12,1,81,1,
44485868,Stay in the Historic Centre / Beautiful studio,120203973,Hans,,Elisabethbegijnhof - Papegaai,51.05095,3.71641,Entire home/apt,101,2,126,2021-12-15,7.50,3,350,90,
44486051,ONLY LONG-TERM STAY - Beautiful studio Ghent,120203973,Hans,,Elisabethbegijnhof - Papegaai,51.05111,3.71792,Entire home/apt,104,3,25,2021-12-15,1.49,3,357,14,
44555298,Rose House B&B - Suite,264917270,Galeh,,Sint Denijs Westrem,51.02066,3.68906,Private room,200,1,0,,,5,361,0,
44569399,Apartment in Ghent with Terrace on Top Location,360680424,Carine,,Binnenstad,51.05544,3.72196,Entire home/apt,107,2,1,2021-05-16,0.14,1,129,1,
44575274,The green oasis - Luminous spacious + free parking,5981363,Wendy,,Bloemekenswijk,51.06786,3.70661,Entire home/apt,80,2,20,2021-11-14,1.23,1,68,18,
44642969,Big appartement near vibrant Ghent.,53028694,Leyla,,Dampoort,51.04833,3.75402,Entire home/apt,76,1,26,2021-12-05,1.67,1,1,22,
44897488,Spacious Ground Floor Loft near the park,362787745,Amaryllis,,Elisabethbegijnhof - Papegaai,51.05551,3.71407,Entire home/apt,66,1,53,2021-12-12,6.02,2,159,53,
44897852,Houseboat Orfeo,80420289,Orfeo,,Rabot  - Blaisantvest,51.06084,3.70562,Entire home/apt,157,1,19,2021-09-27,3.77,1,2,19,
44989475,Upscale residence with private pool,363069688,Nathalie,,Drongen,51.03265,3.59135,Entire home/apt,152,100,23,2021-06-30,1.50,1,356,13,
45075291,"Quiet, luxury apartment near Gravensteen Castle",54994195,Sara,,Binnenstad,51.05773,3.72268,Entire home/apt,125,2,21,2021-12-12,1.42,2,279,20,
45108222,Family 2 bedrooms 3min from Central Station/ Gent,344424312,Ana,,Stationsbuurt Noord,51.0364,3.71094,Private room,114,1,5,2021-12-19,0.39,4,175,4,
45130133,★ Spacious & Central appt in City Center 4 pax ★,364455800,Lien,,Binnenstad,51.05433,3.72502,Entire home/apt,105,2,24,2021-12-05,2.35,3,345,24,
45144672,@303 room2,183575014,Bernard,,Nieuw Gent - UZ,51.03074,3.73133,Private room,27,1,18,2021-06-10,1.15,2,281,9,
45228603,Room in appartment near Gent Sint Pieters station,49198114,Zenzi,,Stationsbuurt Noord,51.03426,3.71526,Private room,80,1,3,2021-11-11,1.00,1,101,3,
45237545,Peaceful countryside studio close to Ghent,152299817,Kristof,,Drongen,51.06161,3.62195,Private room,75,2,42,2021-12-12,2.73,1,170,41,
45250457,Urban Loft | A unique spot in Ghent,26460794,Anissa,,Macharius - Heirnis,51.05511,3.73948,Entire home/apt,90,2,35,2021-12-06,2.22,2,177,30,
45307802,Home Trietje 2 in Gent,19054548,Ly,,Bloemekenswijk,51.06794,3.69824,Entire home/apt,200,5,0,,,2,319,0,
45315632,Cosy house with garden  (10 min to the center),69176827,Stefanie,,Nieuw Gent - UZ,51.02749,3.73397,Private room,30,4,0,,,1,324,0,
45348222,2 mooie kamers vlakbij hartje Gent,46960168,Matthias,,Sint Amandsberg,51.0657,3.75333,Private room,55,1,6,2021-11-01,0.80,1,172,6,
45416541,GLORIA LOFT GENT,35788202,Gerlinde,,Elisabethbegijnhof - Papegaai,51.05579,3.71508,Entire home/apt,160,2,29,2021-10-25,1.98,2,338,21,
45522415,★Nicely located duplex 4pax in centre of Ghent★,364455800,Lien,,Binnenstad,51.05598,3.72436,Entire home/apt,115,2,29,2021-12-20,2.84,3,350,29,
45522653,★Beautiful & Spacious duplex 5pax centre of Ghent★,364455800,Lien,,Binnenstad,51.0548,3.72647,Entire home/apt,119,2,52,2021-12-19,3.44,3,337,51,
45537662,Cosy apartment in the middle of the city center,247000577,Henri,,Binnenstad,51.05475,3.72724,Entire home/apt,60,1,0,,,1,0,0,
45585648,Romantic room at the opera,110630447,Kristof,,Binnenstad,51.04938,3.72194,Private room,62,1,44,2021-12-23,2.95,4,49,41,
45588312,The Pink Room,272913310,Ayesha,,Brugse Poort - Rooigem,51.06186,3.70066,Private room,27,3,24,2021-12-16,1.60,5,358,22,
45614714,Spatious Studio near centre of Gent,10846579,Mik,,Brugse Poort - Rooigem,51.05811,3.69205,Entire home/apt,60,1,0,,,1,77,0,
45643299,Verne Dreams : Shanghai room,86368262,Vincent,,Binnenstad,51.05428,3.72972,Entire home/apt,150,1,35,2021-11-21,2.34,6,328,29,
45704924,Cosy room nearby historical center with garden,28090906,Colin,,Oud Gentbrugge,51.04116,3.74388,Private room,30,3,5,2021-10-22,0.46,2,2,5,
45707008,High ceilinged & spacious apartment central Ghent,14853087,Matthias,,Watersportbaan - Ekkergem,51.04425,3.72008,Private room,93,1,3,2021-11-07,0.65,1,0,3,
45735123,Brandnew guesthouse near the citycentre of Ghent 3,370744291,Maud,,Rabot  - Blaisantvest,51.05853,3.70947,Private room,110,1,2,2021-05-30,0.25,2,358,2,
45743629,Cozy private room near Gent Sint Peter.,357038172,Waheed,,Stationsbuurt Zuid,51.03439,3.7104,Private room,30,1,4,2020-12-07,0.28,1,8,0,
45748440,Charm Room,291751672,Gilles,,Binnenstad,51.04418,3.73384,Private room,96,1,0,,,1,353,0,
45763899,studio near Gent in green environment with balcony,5496119,Kaat,,Zwijnaarde,51.00565,3.70401,Entire home/apt,39,7,27,2021-12-22,1.87,1,202,22,
45852158,Old Unique House in City Center Mamés Turquoise,4896545,Karolien,,Binnenstad,51.05877,3.72516,Entire home/apt,149,2,0,,,2,292,0,
45873844,De Kluis,26338675,Bea En Kristien,,Elisabethbegijnhof - Papegaai,51.05645,3.71574,Private room,600,3,2,2021-10-03,0.46,5,7,2,
45874295,Single room,26338675,Bea En Kristien,,Elisabethbegijnhof - Papegaai,51.05645,3.71574,Private room,88,1,2,2021-09-24,0.23,5,292,2,
45875170,Twin kamer,26338675,Bea En Kristien,,Elisabethbegijnhof - Papegaai,51.05645,3.71574,Private room,124,1,0,,,5,318,0,
45875206,Driepersoonskamer,26338675,Bea En Kristien,,Elisabethbegijnhof - Papegaai,51.05645,3.71574,Private room,172,1,0,,,5,292,0,
45884236,Gezellige studio met tuin,137698958,Kristien,,Oostakker,51.07468,3.77724,Entire home/apt,82,2,6,2021-12-13,1.86,1,82,6,
45932355,Casa mia,159489257,Isabelle,,Stationsbuurt Noord,51.03619,3.72707,Private room,120,2,0,,,1,1,0,
45935514,Gloednieuw Appartement in Historisch Centrum Gent,24188020,Paul,,Binnenstad,51.05488,3.73017,Entire home/apt,96,2,2,2021-12-21,2,1,112,2,
45938880,Room 'Emile' - B&B Graaf.,43889699,Kenzo,,Elisabethbegijnhof - Papegaai,51.05324,3.71845,Private room,64,2,1,2021-01-30,0.09,3,0,1,
45938885,Room 'Margriet' - B&B Graaf.,43889699,Kenzo,,Binnenstad,51.05906,3.722,Private room,52,2,2,2021-01-05,0.16,3,0,1,
45988729,Moderne loft in historisch pand,196535693,Wim,,Sint Denijs Westrem,51.01687,3.65847,Entire home/apt,85,3,4,2021-11-20,0.35,2,356,4,
46047880,Luxury duplex to enjoy your stay to the max!,4656004,Louis & Elyn,,Binnenstad,51.03969,3.73442,Entire home/apt,70,1,67,2021-12-20,4.79,4,173,63,
46048316,All you need to enjoy your stay to the fullest!,4656004,Louis & Elyn,,Binnenstad,51.04135,3.734,Entire home/apt,69,1,72,2021-12-19,5.17,4,161,68,
46098648,Tweepersoonskamer,26338675,Bea En Kristien,,Elisabethbegijnhof - Papegaai,51.05645,3.71574,Private room,124,1,0,,,5,309,0,
46100001,Brandnew spacious room near citycentre of Ghent 2,370744291,Maud,,Rabot  - Blaisantvest,51.05794,3.70982,Private room,100,1,1,2020-11-08,0.07,2,82,0,
46119402,guest room with private parking in center of Ghent,373764800,Marieke,,Elisabethbegijnhof - Papegaai,51.04983,3.71813,Private room,57,1,85,2021-12-06,6.20,1,133,83,
46154732,Charming and cosy studio in Ghent,4656004,Louis & Elyn,,Binnenstad,51.0399,3.73264,Entire home/apt,58,1,93,2021-12-22,6.74,4,164,90,
46229261,Sunny room with gardenvieuw and free bikes.,9627775,Maison MIELOU,,Sint Amandsberg,51.059,3.74892,Entire home/apt,35,30,0,,,4,185,0,
46250489,Ruime woning aan Gentse stadsrand - Lange verhuur,24471831,Céline,,Oud Gentbrugge,51.04366,3.74807,Entire home/apt,69,7,3,2021-11-18,0.45,1,0,3,
46305052,Lovely apartment with terrace,4656004,Louis & Elyn,,Binnenstad,51.03961,3.73294,Entire home/apt,69,1,40,2021-12-05,3.08,4,171,36,
46462742,Cosy and spacious apartment in Ghent,54341527,Mattias,,Macharius - Heirnis,51.04779,3.74483,Entire home/apt,95,2,4,2021-02-14,0.30,1,353,2,
46467298,Fully renovated duplex apartment in downtown Ghent,34559289,Sophie,,Binnenstad,51.0439,3.72254,Entire home/apt,77,1,89,2021-12-19,7.06,1,320,87,
46481223,Gent Logeerplek dichtbij gezellige stadscentrum,98008985,Hannelore,,Sluizeken - Tolhuis - Ham,51.06168,3.72431,Private room,75,1,21,2021-11-28,1.61,1,58,20,
46510300,Modern 2- bedroom apartment in Ghent,136448665,Mariane,,Sint Amandsberg,51.05948,3.75454,Entire home/apt,65,3,15,2021-12-20,1.88,1,84,15,
46562904,Charming guest house in the back of a garden.,47206680,Joris,,Dampoort,51.05308,3.74516,Entire home/apt,160,6,15,2021-12-21,1.69,1,66,15,
46767733,Verne Dreams : Oxford room,86368262,Vincent,,Binnenstad,51.05413,3.72958,Entire home/apt,90,1,62,2021-12-05,4.92,6,336,59,
47209900,A hidden secret in the centre of Ghent....,381272871,Tom,,Binnenstad,51.05587,3.7264,Entire home/apt,150,1,21,2021-05-16,1.75,1,113,21,
47288526,"50 m Trein station- 50 m Carrefour-  
2 km centrum",381834522,Soheil,,Oud Gentbrugge,51.03871,3.75881,Entire home/apt,123,1,6,2021-11-27,0.57,1,180,6,
47556474,Studio with private parking 1 minute from UZ Gent,91955915,Céline,,Nieuw Gent - UZ,51.02521,3.73409,Entire home/apt,38,2,21,2021-12-05,1.87,1,80,21,
47595457,Completely furnished and equipped house,64317133,Tom,,Bloemekenswijk,51.07101,3.70948,Entire home/apt,92,3,12,2021-11-21,1.43,1,121,12,
47728709,Charming house nearby city center,21444373,Valérie,,Macharius - Heirnis,51.05117,3.73816,Entire home/apt,80,2,9,2021-10-16,0.82,1,216,9,
47918373,Cosy Apartment Inner City Ghent,61851611,Cathrina,,Binnenstad,51.04504,3.72337,Entire home/apt,90,3,10,2021-10-27,1.14,1,315,10,
48108519,Desk till Dawn,25642723,David,,Dampoort,51.05151,3.75116,Entire home/apt,414,2,5,2021-12-12,0.70,1,100,5,
48192094,Spacious family home in Ghent,387288500,Trui,,Brugse Poort - Rooigem,51.05876,3.69034,Entire home/apt,125,4,0,,,1,0,0,
48255148,Great Spacious Riverside w/ balcony - Patershol,184767423,Stefaan,,Binnenstad,51.05807,3.72501,Entire home/apt,122,1,42,2021-12-05,6.70,1,22,42,
48314931,Beautiful villa nearby the city center of Gent,232746364,Taskin,,Stationsbuurt Zuid,51.0248,3.70413,Entire home/apt,160,7,1,2021-03-21,0.11,1,52,1,
48353769,Appartment Keizerpark,14393272,Camila,,Oud Gentbrugge,51.0444,3.74401,Entire home/apt,75,7,1,2021-09-10,0.29,1,175,1,
48379172,"Homey, peaceful and cozy apartment (free parking!)",70360769,Silke,,Sluizeken - Tolhuis - Ham,51.06667,3.73165,Entire home/apt,69,2,24,2021-12-19,2.73,1,10,24,
48468158,Casa Violetta,82810716,Kris & Céline,,Binnenstad,51.04906,3.73345,Entire home/apt,94,1,12,2021-12-19,5.71,1,83,12,
48500894,Bright resting place,76402457,Bhakti,,Ledeberg,51.04026,3.74078,Entire home/apt,45,3,7,2021-09-14,0.81,2,113,7,
48587264,Sunny apartment in townhouse next to the park,362787745,Amaryllis,,Elisabethbegijnhof - Papegaai,51.05676,3.7148,Entire home/apt,63,1,102,2021-12-19,11.59,2,172,102,
48604500,A beautiful and quiet haven,3204168,Tom,,Sluizeken - Tolhuis - Ham,51.06015,3.73126,Entire home/apt,230,2,12,2021-11-01,1.36,1,34,12,
48609851,Feel@home.New appt with stunning waterview&homegym,392149448,Olay,,Muide - Meulestede - Afrikalaan,51.06397,3.73768,Entire home/apt,200,2,12,2021-11-23,1.40,1,362,12,
48617717,Huis met 2 prive slaapkamers (tweepersoonsbedden),181836857,Barbara,,Bloemekenswijk,51.07466,3.71234,Private room,120,1,3,2021-09-26,0.35,1,87,3,
48620344,"Cosy studio in the center of Ghent, 2 people",368423830,Margaux,,Binnenstad,51.04871,3.7283,Entire home/apt,75,2,54,2021-12-19,6.23,1,163,54,
48781979,Studio box in Gent met zicht op droogdokken/haven,322771669,Tom,,Wondelgem,51.07819,3.72416,Entire home/apt,66,2,7,2021-11-22,1.12,1,205,7,
48823528,Studio Stan,12619689,Alexander,,Elisabethbegijnhof - Papegaai,51.04869,3.71792,Entire home/apt,80,3,4,2021-09-30,0.82,1,317,4,
49024488,"TIPI Eco"" Casita Loquita""  Natuur & Cultuur Gent",5077877,Frauke,,Sint Amandsberg,51.06503,3.77639,Entire home/apt,70,1,1,2021-11-14,0.73,2,365,1,
49035952,Gezellig appartementje nabij het centrum,395460687,Sarah,,Ledeberg,51.03241,3.74205,Entire home/apt,49,1,1,2021-04-11,0.12,1,23,1,
49136989,Boatie's * Bed bad boot,31377738,Lore,,Stationsbuurt Noord,51.03475,3.73308,Private room,70,2,1,2021-05-16,0.13,1,180,1,
49153733,Well located Cosy rooms in authentic townhouse,1997482,Lloyd,,Watersportbaan - Ekkergem,51.04904,3.71,Private room,110,2,2,2021-08-29,0.50,1,181,2,
49183838,Rustig en zonnig appartement in hippe Gentse buurt,7870880,Kristel,,Macharius - Heirnis,51.04798,3.74317,Entire home/apt,77,3,0,,,1,0,0,
49202939,Charming studio 300m from Gent St Pieters Station,45533549,Tanguy,,Stationsbuurt Noord,51.03528,3.71625,Entire home/apt,60,28,2,2021-10-01,0.51,1,361,2,
49210238,Verne Dreams : California,86368262,Vincent,,Binnenstad,51.05519,3.73115,Entire home/apt,245,1,24,2021-10-24,3.21,6,2,24,
49251737,"Loft bien-être et relaxation, coup de cœur assuré",118670603,José,,Bloemekenswijk,51.06749,3.70032,Entire home/apt,411,1,14,2021-11-22,1.73,1,177,14,
49401708,Bright apartment near city center & nature reserve,36196331,Ellen,,Brugse Poort - Rooigem,51.06012,3.69341,Entire home/apt,65,2,2,2021-11-21,1.50,1,83,2,
49433357,Cosy modern apartment in the heart of the city’s,398707627,Cedric,,Elisabethbegijnhof - Papegaai,51.05145,3.7165,Entire home/apt,110,3,3,2021-11-09,0.41,1,351,3,
49458242,Sunny and charming house in the city of Ghent!,5358487,Joyce,,Oud Gentbrugge,51.04374,3.74537,Private room,30,2,2,2021-05-16,0.26,1,202,2,
49482572,"Spacious room with sunny terrace, close to Ghent",30637459,Alice,,Oud Gentbrugge,51.0393,3.75327,Private room,49,2,0,,,1,357,0,
49500960,"Gentbrugge, het is niet Gent, het is niet Brugge.",17160508,Lode,,Oud Gentbrugge,51.04329,3.75661,Entire home/apt,65,2,2,2021-08-15,0.43,1,32,2,
49527262,"Cozy retro house in Ghent, with tub and garden!",252487975,Louise,,Ledeberg,51.03902,3.7424,Entire home/apt,100,1,18,2021-12-05,2.42,1,67,18,
49697835,Bright cozy apartment+city garden,2752980,Eva,,Muide - Meulestede - Afrikalaan,51.073856,3.72994,Entire home/apt,225,7,7,2021-11-28,1.32,1,320,7,
49711846,Penthouse with a Big Terrace close to the Center!,53142300,Dorothy,,Stationsbuurt Noord,51.03508,3.71458,Entire home/apt,181,1,22,2021-12-08,3.19,3,154,22,
49753013,Kamer in een oud klooster dichtbij oude binnenstad,5456443,Ruth,,Watersportbaan - Ekkergem,51.05197,3.70579,Private room,70,3,0,,,2,253,0,
49762292,VerneDreams : Tokyo room,86368262,Vincent,,Binnenstad,51.05356,3.73085,Private room,76,1,18,2021-12-19,2.71,6,353,18,
49884179,Maison Majorelle,13829824,Francis,,Muide - Meulestede - Afrikalaan,51.07158,3.72943,Entire home/apt,110,2,9,2021-10-22,1.34,6,352,9,
49917070,Ruime studio in hartje gent (in een gezinswoning),36542224,Isabelle,,Binnenstad,51.04916,3.7336,Private room,65,2,0,,,1,0,0,
49937912,'tBegijnhof,279714028,Aylin,,Elisabethbegijnhof - Papegaai,51.05618,3.71115,Entire home/apt,120,1,34,2021-11-28,4.83,1,115,34,
49980496,City centre home with private bathroom,129611906,Karel-Jan,,Macharius - Heirnis,51.05443,3.73652,Private room,103,1,55,2021-12-22,8.38,1,83,55,
50018997,House in a quiet neighborhood and center of Ghent,153592834,Saar,,Macharius - Heirnis,51.04603,3.74173,Entire home/apt,75,2,4,2021-09-05,0.79,2,0,4,
50108280,Private studio in the middle of the city centre,40564978,Julia,,Binnenstad,51.04987,3.72461,Private room,31,90,9,2021-08-29,1.35,1,51,9,
50128540,Cycling retreat well connected to Gent city center,13494954,Lisa,,Mariakerke,51.07883,3.6736,Private room,49,4,5,2021-10-22,1.03,1,0,5,
50153737,NICE ROOM in a quiet-close to nature-neighbourhood,62427525,Anna,,Gentbrugge,51.04485,3.76948,Private room,35,10,0,,,3,10,0,
50207003,"Cozy&bright apartment, terrace, near centre+ bikes",60213064,Sonja,,Macharius - Heirnis,51.04761,3.7418,Entire home/apt,100,1,29,2021-12-12,4.83,1,340,29,
50226715,Just my house.,405432381,Kim,,Wondelgem,51.07818,3.7121,Entire home/apt,149,2,3,2021-10-24,1.01,1,324,3,
50261707,Gezellige art deco Bungalow met parkeerplaats,282306861,Caroline,,Gentbrugge,51.03088,3.76997,Entire home/apt,84,2,11,2021-11-28,2.54,1,141,11,
50297619,Trendy apartment near the center,406144719,Wouter,,Binnenstad,51.0494,3.73428,Entire home/apt,85,5,2,2021-10-29,0.35,1,25,2,
50302423,Two-person bedroom in cosy house near centre,152455421,Deborah,,Dampoort,51.04991,3.75276,Private room,28,2,2,2021-06-22,0.31,1,0,2,
50305714,Mooi appartement met tuintje en parkeerplaats,274497240,Yasmine,,Bloemekenswijk,51.06711,3.70856,Entire home/apt,85,2,12,2021-10-26,2.21,1,0,12,
50319481,Appartement met mooi terras vlakbij station,198554874,Sammy,,Stationsbuurt Noord,51.03291,3.72557,Entire home/apt,110,2,18,2021-12-21,3.75,3,171,18,
50334330,Recently renovated mini-mansion in Ghent.,16286633,Kimberly,,Dampoort,51.05768,3.74907,Private room,36,1,3,2021-08-27,0.59,1,337,3,
50335014,Cosy and spacious bedroom Ghent,137437696,Afef,,Oud Gentbrugge,51.04182,3.74118,Private room,50,5,8,2021-08-20,1.56,2,81,8,
50342773,Charming Hause 10 minutes from Gent City center,24501376,Orsi,,Gentbrugge,51.03084,3.7643,Entire home/apt,90,1,3,2021-08-15,0.59,1,8,3,
50407609,Appartement vlakbij station,198554874,Sammy,,Stationsbuurt Noord,51.033,3.72687,Entire home/apt,96,1,1,2021-08-08,0.22,3,1,1,
50454286,Spacious house with garden near historical center,28090906,Colin,,Oud Gentbrugge,51.04114,3.74392,Entire home/apt,60,4,2,2021-08-16,0.43,2,0,2,
50562317,Perfect Studio for a short stay in Gent,5883895,Annelore,,Watersportbaan - Ekkergem,51.0538,3.7036,Entire home/apt,55,7,3,2021-08-24,0.52,7,115,3,
50568612,gezellige duplex studio met dakterras,63939674,Esther,,Sluizeken - Tolhuis - Ham,51.0648,3.73292,Entire home/apt,100,2,3,2021-11-14,0.62,1,311,3,
50591349,Gezellig rijhuis mét terras in centrum Gent,15955583,Judith,,Binnenstad,51.04396,3.7368,Entire home/apt,95,4,0,,,1,0,0,
50713544,Lovely House - a stone throw away from City Center,24098759,Jason,,Rabot  - Blaisantvest,51.06334,3.70587,Entire home/apt,150,60,0,,,1,175,0,
50722819,Showroom appartement in Ghent,23034433,Hans,,Macharius - Heirnis,51.0499,3.73939,Entire home/apt,105,1,10,2021-12-05,1.97,1,354,10,
50742928,Spacious room with parkview in center,331903910,Guy,,Elisabethbegijnhof - Papegaai,51.0574,3.71471,Private room,53,2,10,2021-10-10,1.72,2,361,10,
50820982,Spacefull and cozy appartement in Gent,36813362,Gunter,,Stationsbuurt Noord,51.03871,3.71086,Entire home/apt,85,1,5,2021-08-08,0.94,1,70,5,
50827100,Duplex with garden at waterfront in the city heart,40219819,Johan,,Elisabethbegijnhof - Papegaai,51.05748,3.71964,Entire home/apt,75,2,20,2021-09-12,3.61,2,0,20,
50908421,Beautiful spacious loft in the center of Gent,5883895,Annelore,,Macharius - Heirnis,51.04743,3.74449,Entire home/apt,150,6,0,,,7,45,0,
50910151,VerneDreams: Berlin Room,86368262,Vincent,,Binnenstad,51.05363,3.7304,Entire home/apt,81,1,23,2021-12-17,4.31,6,355,23,
50933076,Luxury apt in Center of Ghent with 2 parking spots,202935610,Lauranne,,Binnenstad,51.05101,3.72333,Entire home/apt,160,5,3,2021-10-11,0.70,1,0,3,
50985473,Comfortabel appartement aan de rand van het park,88478698,Katelijne,,Sint Amandsberg,51.05478,3.75491,Entire home/apt,60,2,0,,,1,299,0,
50988678,lovely place in the city center (ghent),412439492,Salah,,Elisabethbegijnhof - Papegaai,51.05202,3.71832,Private room,55,1,0,,,1,365,0,
50989545,Chère Anne (City Center Top Location),236094834,Anne,,Macharius - Heirnis,51.05427,3.73441,Entire home/apt,100,3,3,2021-08-23,0.60,2,207,3,
50990453,Cosy gypsy wagon in our garden,390342848,Cleo,,Oud Gentbrugge,51.03831,3.75878,Private room,40,2,18,2021-11-07,3.51,1,269,18,
51007977,Lovely bright room with double bed near centre,412643939,Billy,,Stationsbuurt Noord,51.03697,3.7269,Private room,40,3,17,2021-11-14,3.25,2,167,17,
51053223,Large modern house 10min from downtown Ghent/Gent,2650664,Jeroen,,Wondelgem,51.0824,3.71097,Entire home/apt,35,3,0,,,1,10,0,
51061671,Comfortable spacious bedroom near shops & uni,412643939,Billy,,Stationsbuurt Noord,51.03596,3.72839,Private room,37,3,14,2021-09-21,2.78,2,172,14,
51064354,Epic loft for ten at a great location in Ghent,242858533,Cyprien,,Binnenstad,51.04263,3.72537,Entire home/apt,250,2,9,2021-11-21,1.86,1,202,9,
51073209,Gezellig rijtjeshuis met vuurplaats,215037822,Jannah,,Watersportbaan - Ekkergem,51.04915,3.71043,Entire home/apt,40,3,6,2021-09-30,1.26,1,0,6,
51075640,Chez Anne (City Center Top Location),236094834,Anne,,Binnenstad,51.05386,3.7343,Entire home/apt,73,3,5,2021-11-01,0.99,2,353,5,
51082249,New appartement in trendy neighbourhood,413317289,Sherley,,Muide - Meulestede - Afrikalaan,51.06403,3.73616,Private room,50,2,11,2021-12-11,2.21,1,18,11,
51104796,Aangenaam en goed gelegen appartement in Gent,379017179,Tim,,Binnenstad,51.03862,3.73032,Entire home/apt,75,4,0,,,1,357,0,
51105190,Bright apartment in quiet and close to nature area,62427525,Anna,,Gentbrugge,51.04266,3.76975,Private room,39,1,1,2021-08-29,0.25,3,134,1,
51149699,Modern apartment - 15 min walk to the city center,144069763,Lisa,,Bloemekenswijk,51.06637,3.70831,Entire home/apt,40,5,1,2021-08-12,0.22,1,0,1,
51211347,Cosy condo in Ghent,275814681,Dora,,Macharius - Heirnis,51.04336,3.7402,Entire home/apt,51,2,9,2021-12-21,4.91,1,19,9,
51237606,Le Petit Bordeleau,13829824,Francis,,Wondelgem,51.08188,3.7261,Entire home/apt,125,2,20,2021-11-28,4.05,6,344,20,
51242261,Private room in city house (with 2 bikes),59883922,Nikie,,Sint Amandsberg,51.06296,3.76029,Private room,27,2,19,2021-11-22,4.42,2,346,19,
51274349,Double room for 2,415192619,B&B Hotel,,Binnenstad,51.05104,3.72256,Private room,103,1,17,2021-11-28,3.59,3,343,17,
51274503,Triple room with 2 beds for 3,415192619,B&B Hotel,,Binnenstad,51.05259,3.72165,Private room,125,1,7,2021-11-12,1.67,3,340,7,
51274623,Family room for 4 with 3 beds,415192619,B&B Hotel,,Binnenstad,51.05186,3.72277,Private room,153,1,11,2021-11-13,2.32,3,341,11,
51320363,Classic double room in charming coach house - romantic city garden,298538968,Alix,,Stationsbuurt Noord,51.03858,3.7169,Private room,148,1,0,,,4,283,0,
51336264,Deluxe Double Room in luxury coach house - romantic city garden,298538968,Alix,,Stationsbuurt Noord,51.03974,3.71492,Private room,160,1,0,,,4,282,0,
51336471,Suite double room in charming coach house - romantic city garden,298538968,Alix,,Stationsbuurt Noord,51.03944,3.71512,Private room,219,1,0,,,4,291,0,
51342572,Large private room near Gravensteen,331903910,Guy,,Elisabethbegijnhof - Papegaai,51.05597,3.71273,Private room,61,2,10,2021-10-04,2.17,2,359,10,
51378817,Gezellig rijhuisje aan het water,6758108,Ellen,,Bloemekenswijk,51.0692,3.69619,Private room,55,3,1,2021-11-14,0.73,2,334,1,
51386825,Spacious room in old townhouse (partly renovated),996824,Annabell,,Dampoort,51.04934,3.74545,Private room,50,1,4,2021-11-21,1.13,2,360,4,
51556383,Charming City Studio In The Heart Of Ghent,417661319,Laura,,Elisabethbegijnhof - Papegaai,51.05704,3.71683,Entire home/apt,41,1,33,2021-12-21,9.08,2,115,33,
51572131,Welcome in a unique place in the heart of the city,4552523,Leonard,,Binnenstad,51.05108,3.73312,Entire home/apt,63,1,3,2021-10-21,0.68,5,330,3,
51576367,Luxurious & authentic 18th century Ghent mansion,417818621,Brian,,Elisabethbegijnhof - Papegaai,51.05539,3.71081,Private room,77,1,52,2021-12-22,18.57,2,341,52,
51614976,"Privé kamer - Gent Dampoort
Private room - Ghent",418130187,Quiara,,Dampoort,51.05271,3.7488,Private room,48,1,12,2021-12-19,3.43,1,353,12,
51646707,Fully serviced gorgeous apartment center,8924084,Lauren,,Stationsbuurt Zuid,51.02771,3.70975,Entire home/apt,65,1,5,2021-12-23,1.29,1,147,5,
51647238,New 2P room at station. Perfect for a short stay.,119611208,Edward,,Stationsbuurt Noord,51.0388,3.70552,Private room,51,1,4,2021-12-02,2.73,1,58,4,
51655826,Modern ruim appartement direct aan station Gent SP,114360415,Laurens,,Stationsbuurt Noord,51.037552,3.708186,Entire home/apt,133,2,10,2021-12-12,3.66,1,357,10,
51676809,Spacious new build apartment with stunning terrace,1498440,Margot,,Sluizeken - Tolhuis - Ham,51.06152,3.73602,Entire home/apt,119,3,0,,,1,10,0,
51688910,Romantic Rooftop Loft with Fireplace,418756270,Simon,,Macharius - Heirnis,51.05451,3.7386,Entire home/apt,49,1,23,2021-12-18,10.45,3,130,23,
51719762,Design appartment in historic building anno '1893',25401446,Peter,,Binnenstad,51.050911,3.727689,Entire home/apt,275,3,1,2021-10-06,0.38,1,365,1,
51797583,Bright authentic attic room with air conditioning,419607682,Thalisa,,Elisabethbegijnhof - Papegaai,51.05668,3.71075,Private room,79,1,36,2021-12-22,12.86,1,352,36,
51884213,Schitterend nieuwbouw appartement in Gent,196535693,Wim,,Binnenstad,51.04423,3.73531,Entire home/apt,250,3,1,2021-10-15,0.43,2,294,1,
51917982,Gezellige stadswoning - kamer vlakbij Gent,91527364,Ankie,,Oud Gentbrugge,51.04381,3.75783,Private room,30,3,1,2021-12-04,1,1,32,1,
51950339,Gezellig Gents rijtjeshuis met stadstuin,103424500,Isabeau,,Brugse Poort - Rooigem,51.05853,3.69297,Entire home/apt,144,1,0,,,1,143,0,
51985040,Modern house with garden close to city centre,29212917,Charlotte,,Binnenstad,51.03767,3.73184,Entire home/apt,60,29,1,2021-11-30,1,1,159,1,
52088132,Hoogpoort 26 / 2p loft with garden in city center,68723337,Ziggy,,Binnenstad,51.055386,3.723234,Entire home/apt,149,2,7,2021-12-13,2.04,1,363,7,
52139188,Bright Rooftop Appartment with FREE parking.,417661319,Laura,,Elisabethbegijnhof - Papegaai,51.05673,3.71241,Entire home/apt,49,1,28,2021-12-19,13.55,2,91,28,
52140090,Cosy worker's house in Ghent center,90359204,Tess,,Watersportbaan - Ekkergem,51.05032,3.70222,Entire home/apt,120,2,4,2021-11-03,1.35,1,0,4,
52164361,Lichtrijke slaapkamer met badkamer,422290597,Karel,,Ledeberg,51.03278,3.74349,Private room,63,1,15,2021-12-19,4.41,1,89,15,
52181656,Renovated Apartment in Ancient Town House,418756270,Simon,,Macharius - Heirnis,51.05433,3.73763,Entire home/apt,43,1,24,2021-12-21,8.78,3,351,24,
52181954,Stylish Apartment in Renovated Town House,418756270,Simon,,Macharius - Heirnis,51.05361,3.73772,Entire home/apt,43,1,18,2021-12-17,7.94,3,344,18,
52233015,Puur Patershol,422823406,Bart,,Binnenstad,51.05938,3.72271,Private room,125,1,12,2021-12-18,5.54,1,163,12,
52257316,Bright and Cosy Little House in the City Centre,404474143,Laurens,,Sluizeken - Tolhuis - Ham,51.06136,3.73419,Entire home/apt,85,1,2,2021-11-01,0.67,1,342,2,
52277743,Gezellig duplex appartement,35226827,Tim,,Sint Amandsberg,51.06363,3.75158,Entire home/apt,50,2,0,,,1,272,0,
52317100,Gezellige woning op fietsafstand van centrum,83234067,Ervin,,Wondelgem,51.08212,3.7148,Entire home/apt,111,3,0,,,1,8,0,
52379961,Ruim appartement met terras bij het Begijnhof.,423974159,Camille,,Elisabethbegijnhof - Papegaai,51.05726,3.71297,Entire home/apt,158,2,7,2021-11-14,3.09,1,92,7,
52400978,Unique luxury apartment with cosy garden!,53142300,Dorothy,,Stationsbuurt Zuid,51.03163,3.70665,Entire home/apt,160,1,10,2021-12-07,4.05,3,34,10,
52449003,Typical townhouse in Ghent,71477614,Thomas,,Brugse Poort - Rooigem,51.05763,3.70491,Entire home/apt,79,1,8,2021-12-12,5.85,1,237,8,
52452927,Spacious private room near historic downtown,57750582,Ruben,,Bloemekenswijk,51.06661,3.69915,Private room,60,2,1,2021-11-22,0.94,4,311,1,
52480384,Vintage & botanical home with jacuzzi in Gent,54858845,Esteban & Jeroen,,Wondelgem,51.08228,3.70744,Entire home/apt,141,2,13,2021-12-19,5.20,1,348,13,
52511715,Amazing studio to visit Ghent,68361339,Tony,,Binnenstad,51.05163,3.72145,Entire home/apt,115,2,0,,,2,356,0,
52511738,Duplex in heart of city center Ghent,68361339,Tony,,Binnenstad,51.05251,3.72207,Entire home/apt,127,2,0,,,2,174,0,
52605152,"Authentic house,  15’ walk from City center",52704725,Jonas,,Binnenstad,51.04084,3.73689,Entire home/apt,200,2,4,2021-12-19,1.97,1,335,4,
52624490,Cosy Sous-Sol near the city center,22020470,Sam,,Muide - Meulestede - Afrikalaan,51.07089,3.73052,Entire home/apt,125,2,2,2021-12-21,2,1,352,2,
52683017,Gezellige moderne woning vlakbij Gent,42744851,Katia,,Wondelgem,51.08192,3.71327,Entire home/apt,150,3,2,2021-11-14,1.22,1,95,2,
52691104,Luxurious 18thC Ghent mansion with private patio,417818621,Brian,,Elisabethbegijnhof - Papegaai,51.05617,3.71077,Private room,75,1,12,2021-12-23,5.14,2,345,12,
52705010,Le Grand Bordeleau,13829824,Francis,,Muide - Meulestede - Afrikalaan,51.08179,3.72779,Entire home/apt,125,4,3,2021-11-21,1.34,6,351,3,
52710465,Villa with citygarden  for WE getaway or LT-stay,4469506,Mo,,Sint Amandsberg,51.05931,3.75145,Entire home/apt,153,4,2,2021-11-14,1.22,1,341,2,
52711969,Cosy Room Double Bed close to Dampoort train (1),225731308,Sander,,Sint Amandsberg,51.06333,3.74569,Private room,45,1,8,2021-12-19,3.33,3,341,8,
52719901,Go for four.,225731308,Sander,,Sint Amandsberg,51.06369,3.74515,Private room,90,1,3,2021-12-12,3,3,329,3,
52744185,Amazing 1 bedroom penthouse w stunning city views,67050524,Bart,,Binnenstad,51.055916,3.724911,Entire home/apt,160,2,1,2021-11-14,0.75,1,365,1,
52751606,Private room in city house (with two bikes),59883922,Nikie,,Sint Amandsberg,51.06442,3.762,Private room,27,2,3,2021-12-09,1.41,2,337,3,
52756889,Cosy room double bed close to Dampoort train (2),225731308,Sander,,Sint Amandsberg,51.06161,3.74579,Private room,35,1,20,2021-12-15,8.45,3,333,20,
52766914,Room w/ private bathroom - near train station,23154216,Maxime,,Stationsbuurt Noord,51.04157,3.70816,Private room,59,2,9,2021-12-19,4.43,1,73,9,
52786967,Edville Penthouse,414263,Edward En Daphne,,Moscou - Vogelhoek,51.02787,3.74945,Entire home/apt,175,14,0,,,10,365,0,
52819134,Unieke loftstudio aan de leie,110115587,Nelson,,Binnenstad,51.057884,3.723999,Entire home/apt,115,1,13,2021-12-18,6.09,1,350,13,
52856423,KØBENHAVN Gent met gratis parking,274486248,Raphaël,,Muide - Meulestede - Afrikalaan,51.07464,3.72855,Entire home/apt,77,2,3,2021-11-14,1.67,1,141,3,
52871376,Trendy Apartment to Discover Belgium,85785507,Edward,,Zwijnaarde,50.99827,3.70953,Entire home/apt,108,2,1,2021-10-30,0.55,6,358,1,
52873787,Cozy apartment close to the city center.,108536678,Titus,,Muide - Meulestede - Afrikalaan,51.07083,3.7309,Entire home/apt,94,2,4,2021-11-23,2.26,1,173,4,
52928658,"watermolenstraat16,Gent 9000, België",428489612,Samed,,Binnenstad,51.04771,3.73011,Private room,84,1,1,2021-11-04,0.59,1,365,1,
52974458,BnB Renee - trendy apartment near station,86455568,Frederik,,Stationsbuurt Noord,51.03915,3.71786,Entire home/apt,98,4,0,,,2,177,0,
53003259,Stylish loft apartment in the heart of the city,114124939,Karen,,Binnenstad,51.04802,3.72093,Entire home/apt,75,2,6,2021-12-13,3.83,1,28,6,
53038105,Duplex Design Appartement,399933399,Bruno,,Elisabethbegijnhof - Papegaai,51.05444,3.71998,Private room,199,3,1,2021-12-01,1,1,358,1,
53075129,Cozy 1-bed room in an apartment in Gent,337728872,Minh,,Wondelgem,51.09605,3.71404,Private room,32,1,5,2021-12-05,3.57,1,8,5,
53150508,Furnished Expat flat centrum Ghent,59580834,Valentijn,,Binnenstad,51.04872,3.73665,Entire home/apt,60,6,3,2021-11-26,2.05,1,164,3,
53195975,"Modern, beautiful & warm appartement in Ghent",57719463,Kim,,Zwijnaarde,51.01771,3.70583,Entire home/apt,101,3,1,2021-12-11,1,1,267,1,
53251143,Sfeervolle woonwagen in  stadstuin met zwemvijver,63999860,Ellen,,Oud Gentbrugge,51.04045,3.75347,Entire home/apt,59,2,1,2021-11-21,0.88,1,360,1,
53266486,"Gezellig, lichtrijk rijtjeshuis in Gent",130934600,Lotte,,Bloemekenswijk,51.06562,3.70871,Entire home/apt,90,2,0,,,1,120,0,
53277029,Home in Ghent center,2688943,Nosheen,,Binnenstad,51.05548,3.72707,Entire home/apt,360,1,1,2021-12-22,1,1,360,1,
53294939,Smal apartment located the center gent,431470428,محمد الهندي,,Binnenstad,51.05449,3.72564,Entire home/apt,120,1,2,2021-11-28,1.82,1,23,2,
53319198,Lovely one bedroom apartment in the heart of Ghent,389348727,Arnaud,,Binnenstad,51.05007,3.72628,Entire home/apt,109,2,5,2021-12-12,4.55,1,323,5,
53348670,Cosy 2-bedroom apartment in city centre + parking,208414878,Laura,,Macharius - Heirnis,51.04773,3.7409,Entire home/apt,65,1,0,,,1,330,0,
53390370,the cottage: tiny house for two,92862017,Lut,,Sint Amandsberg,51.06357,3.76249,Entire home/apt,50,2,2,2021-12-21,1.76,1,77,2,
53390386,DeLux City Apartment with lounge terras and BBQ,432290136,Vicky,,Elisabethbegijnhof - Papegaai,51.05153,3.71733,Entire home/apt,135,2,2,2021-12-18,1.76,1,342,2,
53394617,appartement met terras en gratis parkeren in Gent,263478189,Kim,,Sint Amandsberg,51.0768,3.75188,Entire home/apt,30,1,1,2021-12-06,1,1,299,1,
53413874,Studio Kalvermarkt.,25688131,Sofie,,Binnenstad,51.05567,3.73221,Private room,70,2,0,,,1,351,0,
53472483,CowNdance - quiet condo near the city centre,433002460,Angelo,,Macharius - Heirnis,51.05373,3.73704,Entire home/apt,87,1,0,,,1,362,0,
53507394,Pretty apartment with garden near the city center.,84656923,Steffi,,Macharius - Heirnis,51.04428,3.74077,Entire home/apt,33,1,1,2021-12-07,1,1,52,1,
53507844,Studio Tzawel : private ensuite downtown Gent,3138091,Dieter,,Sluizeken - Tolhuis - Ham,51.06106,3.72923,Entire home/apt,66,2,0,,,1,181,0,
53523664,Bright spacious apartment - Art district Gent,269150990,Valerie,,Stationsbuurt Noord,51.03444,3.71701,Entire home/apt,83,1,1,2021-12-19,1,1,3,1,
53530628,"En douceur, Zen Studio in the city centre of Ghent",433468746,Frederick,,Binnenstad,51.0482,3.72955,Entire home/apt,86,2,2,2021-12-15,2,1,75,2,
53556774,"Something Els, guestroom in the centre of the city",53059501,Els,,Elisabethbegijnhof - Papegaai,51.05235,3.71881,Private room,63,2,2,2021-12-19,2,2,72,2,
53557922,Masterbedroom in monumentale Interbellum-Villa,275961023,Bruno,,Stationsbuurt Zuid,51.02427,3.71369,Private room,78,1,0,,,1,359,0,
53567829,Spacious luxury apartment with Castle view!,54994195,Sara,,Binnenstad,51.05762,3.72124,Entire home/apt,175,2,0,,,2,312,0,
53638986,Charmant herenhuis voor kattenliefhebbers,433790569,Hilde,,Macharius - Heirnis,51.050014,3.739953,Entire home/apt,236,2,0,,,1,60,0,
53684925,"Ruim, licht, goedgelegen apt 2 slpk gratis parking",6213435,Nathalie,,Ledeberg,51.03572,3.73774,Entire home/apt,112,2,0,,,1,360,0,
53701242,3 Bedroom Appartement in a Cozy Art-Deco House,53142300,Dorothy,,Stationsbuurt Noord,51.03564,3.71474,Entire home/apt,185,1,1,2021-12-09,1,3,81,1,
53762521,Cosy shared studio in the city center of Gent,367609280,Mohammed,,Rabot  - Blaisantvest,51.05774,3.70842,Shared room,40,1,0,,,2,357,0,
53764037,Bright room in the heart of Ghent with great view,435444618,Joëlle,,Binnenstad,51.04254,3.72047,Private room,70,1,1,2021-12-20,1,1,175,1,
53771645,Cosy studio near Ghent - Acogedor studio en Gantes,38692216,Alisa,,Ledeberg,51.03496,3.73632,Entire home/apt,60,2,0,,,1,360,0,
53778878,Stylish 2 bedroom appartement near UZ Ghent,9589373,Stefanie,,Nieuw Gent - UZ,51.01778,3.72654,Entire home/apt,45,30,0,,,1,360,0,
53780122,BIG Studio- city centre location,435585844,Dee,,Binnenstad,51.05316,3.72565,Entire home/apt,76,5,0,,,1,11,0,
53784107,Beautiful apartment in the center of gent,435628302,Belal,,Elisabethbegijnhof - Papegaai,51.05565,3.71216,Entire home/apt,55,1,0,,,1,364,0,
53789503,Cosy shared room in the city center of Gent,367609280,Mohammed,,Elisabethbegijnhof - Papegaai,51.05604,3.71011,Shared room,32,1,0,,,2,352,0,
53823828,Spacious and bright room in the center of Ghent,435988230,Anastasia,,Sluizeken - Tolhuis - Ham,51.06205,3.72799,Private room,64,1,0,,,1,302,0,
53837637,Single plus studio,414429921,Roxi Residence,,Binnenstad,51.0498,3.72386,Private room,109,1,0,,,3,336,0,
53838635,Twin studio,414429921,Roxi Residence,,Binnenstad,51.05175,3.72438,Private room,109,1,0,,,3,334,0,
53838768,Single studio,414429921,Roxi Residence,,Binnenstad,51.05041,3.72304,Private room,97,1,0,,,3,336,0,
53839856,Charming room in central Gent,352265809,Kirby,,Brugse Poort - Rooigem,51.06585,3.69901,Private room,28,1,0,,,1,287,0,
53855827,Lovely Bohemian Appartment City Center Ghent,310483440,Liesa,,Binnenstad,51.05271,3.73444,Entire home/apt,60,20,0,,,1,28,0,
53872199,Private room with bathroom in Edgar Guesthouse,436371446,Steven,,Binnenstad,51.05625,3.7291,Private room,125,1,0,,,1,358,0,
53898191,Unique appartement with garden in heart of Ghent,152004212,Louis,,Binnenstad,51.04637,3.72206,Entire home/apt,72,3,0,,,1,193,0,
53904947,شقة مزودة بخدمات رائعة في سنتر جينت,431422770,Ahmad,,Binnenstad,51.0594,3.72638,Entire home/apt,54,1,0,,,1,68,0,
53926083,"Privekamer in huis te Gent.
gedeelde ruimtes.",92227740,Joachim,,Brugse Poort - Rooigem,51.06435,3.69758,Private room,20,12,0,,,1,215,0,
